   0.00000000000000e+00   0.00000000000000e+00
   2.00000000000000e-03   5.02651520073414e-03
   4.00000009499490e-03   1.00528322160244e-02
   6.00000018998981e-03   1.50787532329559e-02
   8.00000028498471e-03   2.01040774583817e-02
   1.00000003799796e-02   2.51286089420319e-02
   1.20000004749745e-02   3.01521480083466e-02
   1.40000005699694e-02   3.51744949817657e-02
   1.60000006649643e-02   4.01954561471939e-02
   1.80000007599592e-02   4.52148288488388e-02
   2.00000008549541e-02   5.02324163913727e-02
   2.20000009499490e-02   5.52480220794678e-02
   2.40000010449439e-02   6.02614462375641e-02
   2.60000011399388e-02   6.52724921703339e-02
   2.80000012349337e-02   7.02809631824493e-02
   3.00000013299286e-02   7.52866506576538e-02
   3.20000014249235e-02   8.02893757820130e-02
   3.40000015199184e-02   8.52889239788056e-02
   3.60000016149133e-02   9.02851104736328e-02
   3.80000017099082e-02   9.52777326107025e-02
   4.00000018049032e-02   1.00266587734222e-01
   4.20000018998981e-02   1.05251491069794e-01
   4.40000019948930e-02   1.10232234001160e-01
   4.60000020898879e-02   1.15208625793457e-01
   4.80000021848828e-02   1.20180475711823e-01
   5.00000022798777e-02   1.25147581100464e-01
   5.20000023748726e-02   1.30109739303589e-01
   5.40000024698675e-02   1.35066759586334e-01
   5.60000025648624e-02   1.40018463134766e-01
   5.80000026598573e-02   1.44964623451233e-01
   6.00000027548522e-02   1.49905049800873e-01
   6.20000028498471e-02   1.54839587211609e-01
   6.40000029448420e-02   1.59767985343933e-01
   6.60000030398369e-02   1.64690101146698e-01
   6.80000031348318e-02   1.69605696201324e-01
   7.00000032298267e-02   1.74514603614807e-01
   7.20000033248216e-02   1.79416620731354e-01
   7.40000034198165e-02   1.84311556816101e-01
   7.60000035148114e-02   1.89199209213257e-01
   7.80000036098063e-02   1.94079387187958e-01
   8.00000037048012e-02   1.98951923847199e-01
   8.20000037997961e-02   2.03816604614258e-01
   8.40000038947910e-02   2.08673214912415e-01
   8.60000039897859e-02   2.13521599769592e-01
   8.80000040847808e-02   2.18361568450928e-01
   9.00000041797757e-02   2.23192906379700e-01
   9.20000042747706e-02   2.28015422821045e-01
   9.40000043697655e-02   2.32828950881958e-01
   9.60000044647604e-02   2.37633275985718e-01
   9.80000045597553e-02   2.42428207397461e-01
   1.00000004654750e-01   2.47213602066040e-01
   1.02000004749745e-01   2.51989221572876e-01
   1.04000004844740e-01   2.56754899024963e-01
   1.06000004939735e-01   2.61510419845581e-01
   1.08000005034730e-01   2.66255640983582e-01
   1.10000005129725e-01   2.70990347862244e-01
   1.12000005224720e-01   2.75714349746704e-01
   1.14000005319715e-01   2.80427455902100e-01
   1.16000005414709e-01   2.85129523277283e-01
   1.18000005509704e-01   2.89820313453674e-01
   1.20000005604699e-01   2.94499635696411e-01
   1.22000005699694e-01   2.99167370796204e-01
   1.24000005794689e-01   3.03823304176331e-01
   1.26000005889684e-01   3.08467221260071e-01
   1.28000005984679e-01   3.13098931312561e-01
   1.30000006079674e-01   3.17718315124512e-01
   1.32000006174669e-01   3.22325158119202e-01
   1.34000006269664e-01   3.26919293403626e-01
   1.36000006364658e-01   3.31500482559204e-01
   1.38000006459653e-01   3.36068606376648e-01
   1.40000006554648e-01   3.40623450279236e-01
   1.42000006649643e-01   3.45164847373962e-01
   1.44000006744638e-01   3.49692630767822e-01
   1.46000006839633e-01   3.54206609725952e-01
   1.48000006934628e-01   3.58706593513489e-01
   1.50000007029623e-01   3.63192415237427e-01
   1.52000007124618e-01   3.67663908004761e-01
   1.54000007219613e-01   3.72120881080627e-01
   1.56000007314608e-01   3.76563143730164e-01
   1.58000007409602e-01   3.80990576744080e-01
   1.60000007504597e-01   3.85402965545654e-01
   1.62000007599592e-01   3.89800095558167e-01
   1.64000007694587e-01   3.94181895256043e-01
   1.66000007789582e-01   3.98548102378845e-01
   1.68000007884577e-01   4.02898550033569e-01
   1.70000007979572e-01   4.07233142852783e-01
   1.72000008074567e-01   4.11551618576050e-01
   1.74000008169562e-01   4.15853881835938e-01
   1.76000008264557e-01   4.20139741897583e-01
   1.78000008359551e-01   4.24408960342407e-01
   1.80000008454546e-01   4.28661489486694e-01
   1.82000008549541e-01   4.32897043228149e-01
   1.84000008644536e-01   4.37115478515625e-01
   1.86000008739531e-01   4.41316747665405e-01
   1.88000008834526e-01   4.45500516891480e-01
   1.90000008929521e-01   4.49666690826416e-01
   1.92000009024516e-01   4.53815174102783e-01
   1.94000009119511e-01   4.57945728302002e-01
   1.96000009214506e-01   4.62058162689209e-01
   1.98000009309500e-01   4.66152429580688e-01
   2.00000009404495e-01   4.70228195190430e-01
   2.02000009499490e-01   4.74285507202148e-01
   2.04000009594485e-01   4.78324031829834e-01
   2.06000009689480e-01   4.82343626022339e-01
   2.08000009784475e-01   4.86344289779663e-01
   2.10000009879470e-01   4.90325641632080e-01
   2.12000009974465e-01   4.94287681579590e-01
   2.14000010069460e-01   4.98230266571045e-01
   2.16000010164455e-01   5.02153110504150e-01
   2.18000010259449e-01   5.06056118011475e-01
   2.20000010354444e-01   5.09939241409302e-01
   2.22000010449439e-01   5.13802146911621e-01
   2.24000010544434e-01   5.17644786834717e-01
   2.26000010639429e-01   5.21467018127441e-01
   2.28000010734424e-01   5.25268602371216e-01
   2.30000010829419e-01   5.29049539566040e-01
   2.32000010924414e-01   5.32809495925903e-01
   2.34000011019409e-01   5.36548471450806e-01
   2.36000011114404e-01   5.40266275405884e-01
   2.38000011209399e-01   5.43962717056274e-01
   2.40000011304393e-01   5.47637701034546e-01
   2.42000011399388e-01   5.51291084289551e-01
   2.44000011494383e-01   5.54922676086426e-01
   2.46000011589378e-01   5.58532381057739e-01
   2.48000011684373e-01   5.62120008468628e-01
   2.50000011779368e-01   5.65685415267944e-01
   2.52000011874363e-01   5.69228553771973e-01
   2.54000011969358e-01   5.72749185562134e-01
   2.56000012064353e-01   5.76247215270996e-01
   2.58000012159348e-01   5.79722547531128e-01
   2.60000012254342e-01   5.83174943923950e-01
   2.62000012349337e-01   5.86604261398315e-01
   2.64000012444332e-01   5.90010499954224e-01
   2.66000012539327e-01   5.93393421173096e-01
   2.68000012634322e-01   5.96752929687500e-01
   2.70000012729317e-01   6.00088882446289e-01
   2.72000012824312e-01   6.03401136398315e-01
   2.74000012919307e-01   6.06689548492432e-01
   2.76000013014302e-01   6.09954023361206e-01
   2.78000013109297e-01   6.13194417953491e-01
   2.80000013204291e-01   6.16410636901855e-01
   2.82000013299286e-01   6.19602489471436e-01
   2.84000013394281e-01   6.22769832611084e-01
   2.86000013489276e-01   6.25912666320801e-01
   2.88000013584271e-01   6.29030752182007e-01
   2.90000013679266e-01   6.32123994827271e-01
   2.92000013774261e-01   6.35192346572876e-01
   2.94000013869256e-01   6.38235569000244e-01
   2.96000013964251e-01   6.41253614425659e-01
   2.98000014059246e-01   6.44246339797974e-01
   3.00000014154240e-01   6.47213602066040e-01
   3.02000014249235e-01   6.50155353546143e-01
   3.04000014344230e-01   6.53071403503418e-01
   3.06000014439225e-01   6.55961704254150e-01
   3.08000014534220e-01   6.58826112747192e-01
   3.10000014629215e-01   6.61664485931396e-01
   3.12000014724210e-01   6.64476728439331e-01
   3.14000014819205e-01   6.67262792587280e-01
   3.16000014914200e-01   6.70022439956665e-01
   3.18000015009195e-01   6.72755718231201e-01
   3.20000015104190e-01   6.75462341308594e-01
   3.22000015199184e-01   6.78142356872559e-01
   3.24000015294179e-01   6.80795574188232e-01
   3.26000015389174e-01   6.83421993255615e-01
   3.28000015484169e-01   6.86021375656128e-01
   3.30000015579164e-01   6.88593626022339e-01
   3.32000015674159e-01   6.91138744354248e-01
   3.34000015769154e-01   6.93656587600708e-01
   3.36000015864149e-01   6.96147012710571e-01
   3.38000015959144e-01   6.98610019683838e-01
   3.40000016054139e-01   7.01045370101929e-01
   3.42000016149133e-01   7.03453063964844e-01
   3.44000016244128e-01   7.05833005905151e-01
   3.46000016339123e-01   7.08185052871704e-01
   3.48000016434118e-01   7.10509157180786e-01
   3.50000016529113e-01   7.12805271148682e-01
   3.52000016624108e-01   7.15073156356812e-01
   3.54000016719103e-01   7.17312860488892e-01
   3.56000016814098e-01   7.19524192810059e-01
   3.58000016909093e-01   7.21707153320313e-01
   3.60000017004088e-01   7.23861694335938e-01
   3.62000017099082e-01   7.25987577438355e-01
   3.64000017194077e-01   7.28084802627563e-01
   3.66000017289072e-01   7.30153274536133e-01
   3.68000017384067e-01   7.32192945480347e-01
   3.70000017479062e-01   7.34203720092773e-01
   3.72000017574057e-01   7.36185503005982e-01
   3.74000017669052e-01   7.38138198852539e-01
   3.76000017764047e-01   7.40061759948730e-01
   3.78000017859042e-01   7.41956138610840e-01
   3.80000017954037e-01   7.43821191787720e-01
   3.82000018049031e-01   7.45656919479370e-01
   3.84000018144026e-01   7.47463178634644e-01
   3.86000018239021e-01   7.49239921569824e-01
   3.88000018334016e-01   7.50987100601196e-01
   3.90000018429011e-01   7.52704620361328e-01
   3.92000018524006e-01   7.54392433166504e-01
   3.94000018619001e-01   7.56050491333008e-01
   3.96000018713996e-01   7.57678651809692e-01
   3.98000018808991e-01   7.59276914596558e-01
   4.00000018903986e-01   7.60845232009888e-01
   4.02000018998981e-01   7.62383460998535e-01
   4.04000019093975e-01   7.63891649246216e-01
   4.06000019188970e-01   7.65369653701782e-01
   4.08000019283965e-01   7.66817426681519e-01
   4.10000019378960e-01   7.68234968185425e-01
   4.12000019473955e-01   7.69622135162354e-01
   4.14000019568950e-01   7.70978927612305e-01
   4.16000019663945e-01   7.72305345535278e-01
   4.18000019758940e-01   7.73601198196411e-01
   4.20000019853935e-01   7.74866533279419e-01
   4.22000019948930e-01   7.76101303100586e-01
   4.24000020043924e-01   7.77305412292481e-01
   4.26000020138919e-01   7.78478813171387e-01
   4.28000020233914e-01   7.79621505737305e-01
   4.30000020328909e-01   7.80733442306519e-01
   4.32000020423904e-01   7.81814527511597e-01
   4.34000020518899e-01   7.82864713668823e-01
   4.36000020613894e-01   7.83884048461914e-01
   4.38000020708889e-01   7.84872436523438e-01
   4.40000020803884e-01   7.85829830169678e-01
   4.42000020898879e-01   7.86756181716919e-01
   4.44000020993873e-01   7.87651491165161e-01
   4.46000021088868e-01   7.88515663146973e-01
   4.48000021183863e-01   7.89348793029785e-01
   4.50000021278858e-01   7.90150690078735e-01
   4.52000021373853e-01   7.90921401977539e-01
   4.54000021468848e-01   7.91660881042481e-01
   4.56000021563843e-01   7.92369127273560e-01
   4.58000021658838e-01   7.93046092987061e-01
   4.60000021753833e-01   7.93691778182983e-01
   4.62000021848828e-01   7.94306087493897e-01
   4.64000021943823e-01   7.94889068603516e-01
   4.66000022038817e-01   7.95440626144409e-01
   4.68000022133812e-01   7.95960807800293e-01
   4.70000022228807e-01   7.96449565887451e-01
   4.72000022323802e-01   7.96906900405884e-01
   4.74000022418797e-01   7.97332763671875e-01
   4.76000022513792e-01   7.97727108001709e-01
   4.78000022608787e-01   7.98090028762817e-01
   4.80000022703782e-01   7.98421382904053e-01
   4.82000022798777e-01   7.98721265792847e-01
   4.84000022893772e-01   7.98989582061768e-01
   4.86000022988766e-01   7.99226331710815e-01
   4.88000023083761e-01   7.99431562423706e-01
   4.90000023178756e-01   7.99605226516724e-01
   4.92000023273751e-01   7.99747371673584e-01
   4.94000023368746e-01   7.99857902526856e-01
   4.96000023463741e-01   7.99936819076538e-01
   4.98000023558736e-01   7.99984216690063e-01
   5.00000023653731e-01   8.00000000000000e-01
   5.02000023748726e-01   7.99984216690063e-01
   5.04000023843721e-01   7.99936819076538e-01
   5.06000023938715e-01   7.99857902526856e-01
   5.08000024033710e-01   7.99747371673584e-01
   5.10000024128705e-01   7.99605226516724e-01
   5.12000024223700e-01   7.99431562423706e-01
   5.14000024318695e-01   7.99226331710815e-01
   5.16000024413690e-01   7.98989582061768e-01
   5.18000024508685e-01   7.98721218109131e-01
   5.20000024603680e-01   7.98421382904053e-01
   5.22000024698675e-01   7.98089981079102e-01
   5.24000024793670e-01   7.97727108001709e-01
   5.26000024888664e-01   7.97332715988159e-01
   5.28000024983659e-01   7.96906900405884e-01
   5.30000025078654e-01   7.96449565887451e-01
   5.32000025173649e-01   7.95960807800293e-01
   5.34000025268644e-01   7.95440626144409e-01
   5.36000025363639e-01   7.94889020919800e-01
   5.38000025458634e-01   7.94306087493897e-01
   5.40000025553629e-01   7.93691730499268e-01
   5.42000025648624e-01   7.93046092987061e-01
   5.44000025743619e-01   7.92369127273560e-01
   5.46000025838614e-01   7.91660881042481e-01
   5.48000025933608e-01   7.90921401977539e-01
   5.50000026028603e-01   7.90150642395020e-01
   5.52000026123598e-01   7.89348745346069e-01
   5.54000026218593e-01   7.88515663146973e-01
   5.56000026313588e-01   7.87651443481445e-01
   5.58000026408583e-01   7.86756134033203e-01
   5.60000026503578e-01   7.85829782485962e-01
   5.62000026598573e-01   7.84872388839722e-01
   5.64000026693568e-01   7.83884048461914e-01
   5.66000026788563e-01   7.82864713668823e-01
   5.68000026883557e-01   7.81814479827881e-01
   5.70000026978552e-01   7.80733394622803e-01
   5.72000027073547e-01   7.79621458053589e-01
   5.74000027168542e-01   7.78478813171387e-01
   5.76000027263537e-01   7.77305364608765e-01
   5.78000027358532e-01   7.76101255416870e-01
   5.80000027453527e-01   7.74866533279419e-01
   5.82000027548522e-01   7.73601150512695e-01
   5.84000027643517e-01   7.72305297851563e-01
   5.86000027738512e-01   7.70978927612305e-01
   5.88000027833506e-01   7.69622135162354e-01
   5.90000027928501e-01   7.68234920501709e-01
   5.92000028023496e-01   7.66817378997803e-01
   5.94000028118491e-01   7.65369606018066e-01
   5.96000028213486e-01   7.63891601562500e-01
   5.98000028308481e-01   7.62383460998535e-01
   6.00000028403476e-01   7.60845184326172e-01
   6.02000028498471e-01   7.59276914596558e-01
   6.04000028593466e-01   7.57678604125977e-01
   6.06000028688461e-01   7.56050443649292e-01
   6.08000028783455e-01   7.54392385482788e-01
   6.10000028878450e-01   7.52704620361328e-01
   6.12000028973445e-01   7.50987052917480e-01
   6.14000029068440e-01   7.49239873886108e-01
   6.16000029163435e-01   7.47463130950928e-01
   6.18000029258430e-01   7.45656871795654e-01
   6.20000029353425e-01   7.43821144104004e-01
   6.22000029448420e-01   7.41956090927124e-01
   6.24000029543415e-01   7.40061759948730e-01
   6.26000029638410e-01   7.38138151168823e-01
   6.28000029733405e-01   7.36185455322266e-01
   6.30000029828399e-01   7.34203672409058e-01
   6.32000029923394e-01   7.32192897796631e-01
   6.34000030018389e-01   7.30153274536133e-01
   6.36000030113384e-01   7.28084707260132e-01
   6.38000030208379e-01   7.25987529754639e-01
   6.40000030303374e-01   7.23861598968506e-01
   6.42000030398369e-01   7.21707105636597e-01
   6.44000030493364e-01   7.19524192810059e-01
   6.46000030588359e-01   7.17312765121460e-01
   6.48000030683354e-01   7.15073156356812e-01
   6.50000030778348e-01   7.12805175781250e-01
   6.52000030873343e-01   7.10509061813354e-01
   6.54000030968338e-01   7.08185005187988e-01
   6.56000031063333e-01   7.05832910537720e-01
   6.58000031158328e-01   7.03453016281128e-01
   6.60000031253323e-01   7.01045274734497e-01
   6.62000031348318e-01   6.98609972000122e-01
   6.64000031443313e-01   6.96146965026855e-01
   6.66000031538308e-01   6.93656492233276e-01
   6.68000031633303e-01   6.91138696670532e-01
   6.70000031728297e-01   6.88593578338623e-01
   6.72000031823292e-01   6.86021327972412e-01
   6.74000031918287e-01   6.83421897888184e-01
   6.76000032013282e-01   6.80795478820801e-01
   6.78000032108277e-01   6.78142309188843e-01
   6.80000032203272e-01   6.75462293624878e-01
   6.82000032298267e-01   6.72755670547485e-01
   6.84000032393262e-01   6.70022392272949e-01
   6.86000032488257e-01   6.67262649536133e-01
   6.88000032583252e-01   6.64476680755615e-01
   6.90000032678246e-01   6.61664390563965e-01
   6.92000032773241e-01   6.58826065063477e-01
   6.94000032868236e-01   6.55961608886719e-01
   6.96000032963231e-01   6.53071403503418e-01
   6.98000033058226e-01   6.50155305862427e-01
   7.00000033153221e-01   6.47213506698608e-01
   7.02000033248216e-01   6.44246292114258e-01
   7.04000033343211e-01   6.41253519058228e-01
   7.06000033438206e-01   6.38235569000244e-01
   7.08000033533201e-01   6.35192251205444e-01
   7.10000033628196e-01   6.32123899459839e-01
   7.12000033723190e-01   6.29030704498291e-01
   7.14000033818185e-01   6.25912570953369e-01
   7.16000033913180e-01   6.22769832611084e-01
   7.18000034008175e-01   6.19602394104004e-01
   7.20000034103170e-01   6.16410493850708e-01
   7.22000034198165e-01   6.13194370269775e-01
   7.24000034293160e-01   6.09953927993774e-01
   7.26000034388155e-01   6.06689500808716e-01
   7.28000034483150e-01   6.03401041030884e-01
   7.30000034578145e-01   6.00088739395142e-01
   7.32000034673139e-01   5.96752882003784e-01
   7.34000034768134e-01   5.93393325805664e-01
   7.36000034863129e-01   5.90010452270508e-01
   7.38000034958124e-01   5.86604213714600e-01
   7.40000035053119e-01   5.83174896240234e-01
   7.42000035148114e-01   5.79722452163696e-01
   7.44000035243109e-01   5.76247119903564e-01
   7.46000035338104e-01   5.72749137878418e-01
   7.48000035433099e-01   5.69228458404541e-01
   7.50000035528094e-01   5.65685415267944e-01
   7.52000035623088e-01   5.62119913101196e-01
   7.54000035718083e-01   5.58532238006592e-01
   7.56000035813078e-01   5.54922628402710e-01
   7.58000035908073e-01   5.51290941238403e-01
   7.60000036003068e-01   5.47637653350830e-01
   7.62000036098063e-01   5.43962621688843e-01
   7.64000036193058e-01   5.40266132354736e-01
   7.66000036288053e-01   5.36548423767090e-01
   7.68000036383048e-01   5.32809400558472e-01
   7.70000036478043e-01   5.29049491882324e-01
   7.72000036573038e-01   5.25268507003784e-01
   7.74000036668032e-01   5.21466827392578e-01
   7.76000036763027e-01   5.17644739151001e-01
   7.78000036858022e-01   5.13802003860474e-01
   7.80000036953017e-01   5.09939146041870e-01
   7.82000037048012e-01   5.06056022644043e-01
   7.84000037143007e-01   5.02153110504150e-01
   7.86000037238002e-01   4.98230171203613e-01
   7.88000037332997e-01   4.94287586212158e-01
   7.90000037427992e-01   4.90325593948364e-01
   7.92000037522987e-01   4.86344146728516e-01
   7.94000037617981e-01   4.82343626022339e-01
   7.96000037712976e-01   4.78323936462402e-01
   7.98000037807971e-01   4.74285316467285e-01
   8.00000037902966e-01   4.70228147506714e-01
   8.02000037997961e-01   4.66152286529541e-01
   8.04000038092956e-01   4.62058162689209e-01
   8.06000038187951e-01   4.57945632934570e-01
   8.08000038282946e-01   4.53815031051636e-01
   8.10000038377941e-01   4.49666643142700e-01
   8.12000038472936e-01   4.45500373840332e-01
   8.14000038567930e-01   4.41316652297974e-01
   8.16000038662925e-01   4.37115383148193e-01
   8.18000038757920e-01   4.32896852493286e-01
   8.20000038852915e-01   4.28661394119263e-01
   8.22000038947910e-01   4.24408817291260e-01
   8.24000039042905e-01   4.20139646530151e-01
   8.26000039137900e-01   4.15853786468506e-01
   8.28000039232895e-01   4.11551618576050e-01
   8.30000039327890e-01   4.07233047485352e-01
   8.32000039422885e-01   4.02898406982422e-01
   8.34000039517879e-01   3.98548030853272e-01
   8.36000039612874e-01   3.94181752204895e-01
   8.38000039707869e-01   3.89800095558167e-01
   8.40000039802864e-01   3.85402846336365e-01
   8.42000039897859e-01   3.80990409851074e-01
   8.44000039992854e-01   3.76563096046448e-01
   8.46000040087849e-01   3.72120738029480e-01
   8.48000040182844e-01   3.67663860321045e-01
   8.50000040277839e-01   3.63192296028137e-01
   8.52000040372834e-01   3.58706402778626e-01
   8.54000040467829e-01   3.54206514358521e-01
   8.56000040562823e-01   3.49692487716675e-01
   8.58000040657818e-01   3.45164799690247e-01
   8.60000040752813e-01   3.40623331069946e-01
   8.62000040847808e-01   3.36068415641785e-01
   8.64000040942803e-01   3.31500387191772e-01
   8.66000041037798e-01   3.26919102668762e-01
   8.68000041132793e-01   3.22325110435486e-01
   8.70000041227788e-01   3.17718195915222e-01
   8.72000041322783e-01   3.13098931312561e-01
   8.74000041417778e-01   3.08467102050781e-01
   8.76000041512772e-01   3.03823113441467e-01
   8.78000041607767e-01   2.99167299270630e-01
   8.80000041702762e-01   2.94499516487122e-01
   8.82000041797757e-01   2.89820265769959e-01
   8.84000041892752e-01   2.85129404067993e-01
   8.86000041987747e-01   2.80427289009094e-01
   8.88000042082742e-01   2.75714278221130e-01
   8.90000042177737e-01   2.70990204811096e-01
   8.92000042272732e-01   2.66255593299866e-01
   8.94000042367727e-01   2.61510324478149e-01
   8.96000042462721e-01   2.56754708290100e-01
   8.98000042557716e-01   2.51989150047302e-01
   9.00000042652711e-01   2.47213435173035e-01
   9.02000042747706e-01   2.42428183555603e-01
   9.04000042842701e-01   2.37633156776428e-01
   9.06000042937696e-01   2.32828736305237e-01
   9.08000043032691e-01   2.28015327453613e-01
   9.10000043127686e-01   2.23192715644836e-01
   9.12000043222681e-01   2.18361496925354e-01
   9.14000043317676e-01   2.13521456718445e-01
   9.16000043412670e-01   2.08673191070557e-01
   9.18000043507665e-01   2.03816485404968e-01
   9.20000043602660e-01   1.98951733112335e-01
   9.22000043697655e-01   1.94079315662384e-01
   9.24000043792650e-01   1.89199054241180e-01
   9.26000043887645e-01   1.84311509132385e-01
   9.28000043982640e-01   1.79416501522064e-01
   9.30000044077635e-01   1.74514412879944e-01
   9.32000044172630e-01   1.69605612754822e-01
   9.34000044267625e-01   1.64689934253693e-01
   9.36000044362620e-01   1.59767937660217e-01
   9.38000044457614e-01   1.54839456081390e-01
   9.40000044552609e-01   1.49904859066010e-01
   9.42000044647604e-01   1.44964528083801e-01
   9.44000044742599e-01   1.40018284320831e-01
   9.46000044837594e-01   1.35066699981689e-01
   9.48000044932589e-01   1.30109608173370e-01
   9.50000045027584e-01   1.25147557258606e-01
   9.52000045122579e-01   1.20180380344391e-01
   9.54000045217574e-01   1.15208446979523e-01
   9.56000045312569e-01   1.10232174396515e-01
   9.58000045407563e-01   1.05251348018646e-01
   9.60000045502558e-01   1.00266563892365e-01
   9.62000045597553e-01   9.52776193618775e-02
   9.64000045692548e-01   9.02849256992340e-02
   9.66000045787543e-01   8.52888524532318e-02
   9.68000045882538e-01   8.02892208099365e-02
   9.70000045977533e-01   7.52866089344025e-02
   9.72000046072528e-01   7.02808380126953e-02
   9.74000046167523e-01   6.52722954750061e-02
   9.76000046262518e-01   6.02613627910614e-02
   9.78000046357512e-01   5.52478611469269e-02
   9.80000046452507e-01   5.02323687076569e-02
   9.82000046547502e-01   4.52147006988525e-02
   9.84000046642497e-01   4.01952475309372e-02
   9.86000046737492e-01   3.51743996143341e-02
   9.88000046832487e-01   3.01519751548767e-02
   9.90000046927482e-01   2.51285463571548e-02
   9.92000047022477e-01   2.01039388775826e-02
   9.94000047117472e-01   1.50787264108658e-02
   9.96000047212467e-01   1.00527279078960e-02
   9.98000047307462e-01   5.02633266150951e-03
   1.00000004740246e+00  -6.99382212587807e-08
   1.00200004749745e+00  -5.02666346728802e-03
   1.00400004759245e+00  -1.00528679788113e-02
   1.00600004768744e+00  -1.50788664817810e-02
   1.00800004778244e+00  -2.01042681932449e-02
   1.01000004787743e+00  -2.51286864280701e-02
   1.01200004797243e+00  -3.01523059606552e-02
   1.01400004806742e+00  -3.51745396852493e-02
   1.01600004816242e+00  -4.01955783367157e-02
   1.01800004825741e+00  -4.52150315046310e-02
   1.02000004835241e+00  -5.02325057983398e-02
   1.02200004844740e+00  -5.52481889724731e-02
   1.02400004854240e+00  -6.02614998817444e-02
   1.02600004863739e+00  -6.52726233005524e-02
   1.02800004873239e+00  -7.02811717987061e-02
   1.03000004882738e+00  -7.52867519855499e-02
   1.03200004892237e+00  -8.02895486354828e-02
   1.03400004901737e+00  -8.52889895439148e-02
   1.03600004911236e+00  -9.02852535247803e-02
   1.03800004920736e+00  -9.52777624130249e-02
   1.04000004930235e+00  -1.00266695022583e-01
   1.04200004939735e+00  -1.05251669883728e-01
   1.04400004949234e+00  -1.10232305526733e-01
   1.04600004958734e+00  -1.15208780765533e-01
   1.04800004968233e+00  -1.20180511474609e-01
   1.05000004977733e+00  -1.25147688388824e-01
   1.05200004987232e+00  -1.30109930038452e-01
   1.05400004996732e+00  -1.35066843032837e-01
   1.05600005006231e+00  -1.40018606185913e-01
   1.05800005015731e+00  -1.44964659214020e-01
   1.06000005025230e+00  -1.49905180931091e-01
   1.06200005034730e+00  -1.54839777946472e-01
   1.06400005044229e+00  -1.59768080711365e-01
   1.06600005053729e+00  -1.64690256118774e-01
   1.06800005063228e+00  -1.69605743885040e-01
   1.07000005072728e+00  -1.74514734745026e-01
   1.07200005082227e+00  -1.79416823387146e-01
   1.07400005091727e+00  -1.84311640262604e-01
   1.07600005101226e+00  -1.89199376106262e-01
   1.07800005110726e+00  -1.94079458713531e-01
   1.08000005120225e+00  -1.98952054977417e-01
   1.08200005129725e+00  -2.03816628456116e-01
   1.08400005139224e+00  -2.08673310279846e-01
   1.08600005148724e+00  -2.13521790504456e-01
   1.08800005158223e+00  -2.18361639976501e-01
   1.09000005167723e+00  -2.23193049430847e-01
   1.09200005177222e+00  -2.28015446662903e-01
   1.09400005186722e+00  -2.32829046249390e-01
   1.09600005196221e+00  -2.37633466720581e-01
   1.09800005205721e+00  -2.42428302764893e-01
   1.10000005215220e+00  -2.47213768959045e-01
   1.10200005224720e+00  -2.51989269256592e-01
   1.10400005234219e+00  -2.56755018234253e-01
   1.10600005243719e+00  -2.61510634422302e-01
   1.10800005253218e+00  -2.66255736351013e-01
   1.11000005262718e+00  -2.70990514755249e-01
   1.11200005272217e+00  -2.75714397430420e-01
   1.11400005281717e+00  -2.80427598953247e-01
   1.11600005291216e+00  -2.85129714012146e-01
   1.11800005300716e+00  -2.89820408821106e-01
   1.12000005310215e+00  -2.94499826431274e-01
   1.12200005319715e+00  -2.99167442321777e-01
   1.12400005329214e+00  -3.03823423385620e-01
   1.12600005338714e+00  -3.08467245101929e-01
   1.12800005348213e+00  -3.13099050521851e-01
   1.13000005357713e+00  -3.17718505859375e-01
   1.13200005367212e+00  -3.22325229644775e-01
   1.13400005376711e+00  -3.26919412612915e-01
   1.13600005386211e+00  -3.31500506401062e-01
   1.13800005395710e+00  -3.36068701744080e-01
   1.14000005405210e+00  -3.40623617172241e-01
   1.14200005414709e+00  -3.45164918899536e-01
   1.14400005424209e+00  -3.49692773818970e-01
   1.14600005433708e+00  -3.54206633567810e-01
   1.14800005443208e+00  -3.58706712722778e-01
   1.15000005452707e+00  -3.63192605972290e-01
   1.15200005462207e+00  -3.67663979530334e-01
   1.15400005471706e+00  -3.72121024131775e-01
   1.15600005481206e+00  -3.76563215255737e-01
   1.15800005490705e+00  -3.80990695953369e-01
   1.16000005500205e+00  -3.85402965545654e-01
   1.16200005509704e+00  -3.89800214767456e-01
   1.16400005519204e+00  -3.94182038307190e-01
   1.16600005528703e+00  -3.98548150062561e-01
   1.16800005538203e+00  -4.02898693084717e-01
   1.17000005547702e+00  -4.07233190536499e-01
   1.17200005557202e+00  -4.11551761627197e-01
   1.17400005566701e+00  -4.15854072570801e-01
   1.17600005576201e+00  -4.20139789581299e-01
   1.17800005585700e+00  -4.24409103393555e-01
   1.18000005595200e+00  -4.28661489486694e-01
   1.18200005604699e+00  -4.32897138595581e-01
   1.18400005614199e+00  -4.37115669250488e-01
   1.18600005623698e+00  -4.41316795349121e-01
   1.18800005633198e+00  -4.45500659942627e-01
   1.19000005642697e+00  -4.49666786193848e-01
   1.19200005652197e+00  -4.53815269470215e-01
   1.19400005661696e+00  -4.57945871353149e-01
   1.19600005671196e+00  -4.62058258056641e-01
   1.19800005680695e+00  -4.66152524948120e-01
   1.20000005690195e+00  -4.70228290557861e-01
   1.20200005699694e+00  -4.74285602569580e-01
   1.20400005709194e+00  -4.78324031829834e-01
   1.20600005718693e+00  -4.82343721389771e-01
   1.20800005728193e+00  -4.86344385147095e-01
   1.21000005737692e+00  -4.90325736999512e-01
   1.21200005747192e+00  -4.94287824630737e-01
   1.21400005756691e+00  -4.98230266571045e-01
   1.21600005766191e+00  -5.02153205871582e-01
   1.21800005775690e+00  -5.06056308746338e-01
   1.22000005785190e+00  -5.09939289093018e-01
   1.22200005794689e+00  -5.13802242279053e-01
   1.22400005804189e+00  -5.17644834518433e-01
   1.22600005813688e+00  -5.21467113494873e-01
   1.22800005823188e+00  -5.25268793106079e-01
   1.23000005832687e+00  -5.29049587249756e-01
   1.23200005842187e+00  -5.32809638977051e-01
   1.23400005851686e+00  -5.36548519134522e-01
   1.23600005861185e+00  -5.40266370773315e-01
   1.23800005870685e+00  -5.43962860107422e-01
   1.24000005880184e+00  -5.47637796401978e-01
   1.24200005889684e+00  -5.51291179656982e-01
   1.24400005899183e+00  -5.54922723770142e-01
   1.24600005908683e+00  -5.58532476425171e-01
   1.24800005918182e+00  -5.62120008468628e-01
   1.25000005927682e+00  -5.65685510635376e-01
   1.25200005937181e+00  -5.69228696823120e-01
   1.25400005946681e+00  -5.72749233245850e-01
   1.25600005956180e+00  -5.76247358322144e-01
   1.25800005965680e+00  -5.79722547531128e-01
   1.26000005975179e+00  -5.83174991607666e-01
   1.26200005984679e+00  -5.86604452133179e-01
   1.26400005994178e+00  -5.90010547637939e-01
   1.26600006003678e+00  -5.93393564224243e-01
   1.26800006013177e+00  -5.96752977371216e-01
   1.27000006022677e+00  -6.00088977813721e-01
   1.27200006032176e+00  -6.03401279449463e-01
   1.27400006041676e+00  -6.06689739227295e-01
   1.27600006051175e+00  -6.09954023361206e-01
   1.27800006060675e+00  -6.13194465637207e-01
   1.28000006070174e+00  -6.16410684585571e-01
   1.28200006079674e+00  -6.19602584838867e-01
   1.28400006089173e+00  -6.22770023345947e-01
   1.28600006098673e+00  -6.25912666320801e-01
   1.28800006108172e+00  -6.29030799865723e-01
   1.29000006117672e+00  -6.32124137878418e-01
   1.29200006127171e+00  -6.35192489624024e-01
   1.29400006136671e+00  -6.38235759735107e-01
   1.29600006146170e+00  -6.41253614425659e-01
   1.29800006155670e+00  -6.44246387481689e-01
   1.30000006165169e+00  -6.47213697433472e-01
   1.30200006174669e+00  -6.50155496597290e-01
   1.30400006184168e+00  -6.53071594238281e-01
   1.30600006193668e+00  -6.55961704254150e-01
   1.30800006203167e+00  -6.58826160430908e-01
   1.31000006212667e+00  -6.61664581298828e-01
   1.31200006222166e+00  -6.64476871490479e-01
   1.31400006231666e+00  -6.67262744903565e-01
   1.31600006241165e+00  -6.70022439956665e-01
   1.31800006250665e+00  -6.72755718231201e-01
   1.32000006260164e+00  -6.75462436676025e-01
   1.32200006269664e+00  -6.78142499923706e-01
   1.32400006279163e+00  -6.80795574188232e-01
   1.32600006288663e+00  -6.83421993255615e-01
   1.32800006298162e+00  -6.86021375656128e-01
   1.33000006307662e+00  -6.88593721389771e-01
   1.33200006317161e+00  -6.91138887405396e-01
   1.33400006326661e+00  -6.93656539916992e-01
   1.33600006336160e+00  -6.96147060394287e-01
   1.33800006345659e+00  -6.98610019683838e-01
   1.34000006355159e+00  -7.01045465469360e-01
   1.34200006364658e+00  -7.03453207015991e-01
   1.34400006374158e+00  -7.05833005905151e-01
   1.34600006383657e+00  -7.08185100555420e-01
   1.34800006393157e+00  -7.10509252548218e-01
   1.35000006402656e+00  -7.12805318832398e-01
   1.35200006412156e+00  -7.15073299407959e-01
   1.35400006421655e+00  -7.17312812805176e-01
   1.35600006431155e+00  -7.19524240493775e-01
   1.35800006440654e+00  -7.21707248687744e-01
   1.36000006450154e+00  -7.23861742019653e-01
   1.36200006459653e+00  -7.25987672805786e-01
   1.36400006469153e+00  -7.28084802627563e-01
   1.36600006478652e+00  -7.30153322219849e-01
   1.36800006488152e+00  -7.32192993164062e-01
   1.37000006497651e+00  -7.34203815460205e-01
   1.37200006507151e+00  -7.36185598373413e-01
   1.37400006516650e+00  -7.38138198852539e-01
   1.37600006526150e+00  -7.40061807632446e-01
   1.37800006535649e+00  -7.41956186294556e-01
   1.38000006545149e+00  -7.43821287155151e-01
   1.38200006554648e+00  -7.45657014846802e-01
   1.38400006564148e+00  -7.47463178634644e-01
   1.38600006573647e+00  -7.49239969253540e-01
   1.38800006583147e+00  -7.50987148284912e-01
   1.39000006592646e+00  -7.52704715728760e-01
   1.39200006602146e+00  -7.54392433166504e-01
   1.39400006611645e+00  -7.56050491333008e-01
   1.39600006621145e+00  -7.57678699493408e-01
   1.39800006630644e+00  -7.59276962280274e-01
   1.40000006640144e+00  -7.60845279693604e-01
   1.40200006649643e+00  -7.62383460998535e-01
   1.40400006659143e+00  -7.63891649246216e-01
   1.40600006668642e+00  -7.65369701385498e-01
   1.40800006678142e+00  -7.66817474365234e-01
   1.41000006687641e+00  -7.68235015869141e-01
   1.41200006697141e+00  -7.69622135162354e-01
   1.41400006706640e+00  -7.70978975296021e-01
   1.41600006716140e+00  -7.72305345535278e-01
   1.41800006725639e+00  -7.73601245880127e-01
   1.42000006735139e+00  -7.74866628646851e-01
   1.42200006744638e+00  -7.76101255416870e-01
   1.42400006754138e+00  -7.77305412292481e-01
   1.42600006763637e+00  -7.78478860855103e-01
   1.42800006773137e+00  -7.79621553421021e-01
   1.43000006782636e+00  -7.80733489990234e-01
   1.43200006792136e+00  -7.81814479827881e-01
   1.43400006801635e+00  -7.82864761352539e-01
   1.43600006811135e+00  -7.83884096145630e-01
   1.43800006820634e+00  -7.84872484207153e-01
   1.44000006830133e+00  -7.85829877853394e-01
   1.44200006839633e+00  -7.86756181716919e-01
   1.44400006849132e+00  -7.87651491165161e-01
   1.44600006858632e+00  -7.88515710830688e-01
   1.44800006868131e+00  -7.89348793029785e-01
   1.45000006877631e+00  -7.90150737762451e-01
   1.45200006887130e+00  -7.90921401977539e-01
   1.45400006896630e+00  -7.91660928726196e-01
   1.45600006906129e+00  -7.92369174957275e-01
   1.45800006915629e+00  -7.93046140670776e-01
   1.46000006925128e+00  -7.93691825866699e-01
   1.46200006934628e+00  -7.94306087493897e-01
   1.46400006944127e+00  -7.94889068603516e-01
   1.46600006953627e+00  -7.95440673828125e-01
   1.46800006963126e+00  -7.95960855484009e-01
   1.47000006972626e+00  -7.96449613571167e-01
   1.47200006982125e+00  -7.96906900405884e-01
   1.47400006991625e+00  -7.97332763671875e-01
   1.47600007001124e+00  -7.97727155685425e-01
   1.47800007010624e+00  -7.98090028762817e-01
   1.48000007020123e+00  -7.98421382904053e-01
   1.48200007029623e+00  -7.98721265792847e-01
   1.48400007039122e+00  -7.98989582061768e-01
   1.48600007048622e+00  -7.99226379394531e-01
   1.48800007058121e+00  -7.99431610107422e-01
   1.49000007067621e+00  -7.99605226516724e-01
   1.49200007077120e+00  -7.99747371673584e-01
   1.49400007086620e+00  -7.99857902526856e-01
   1.49600007096119e+00  -7.99936819076538e-01
   1.49800007105619e+00  -7.99984216690063e-01
   1.50000007115118e+00  -8.00000000000000e-01
   1.50200007124618e+00  -7.99984216690063e-01
   1.50400007134117e+00  -7.99936819076538e-01
   1.50600007143617e+00  -7.99857854843140e-01
   1.50800007153116e+00  -7.99747323989868e-01
   1.51000007162616e+00  -7.99605226516724e-01
   1.51200007172115e+00  -7.99431562423706e-01
   1.51400007181615e+00  -7.99226331710815e-01
   1.51600007191114e+00  -7.98989534378052e-01
   1.51800007200614e+00  -7.98721218109131e-01
   1.52000007210113e+00  -7.98421382904053e-01
   1.52200007219613e+00  -7.98089981079102e-01
   1.52400007229112e+00  -7.97727108001709e-01
   1.52600007238612e+00  -7.97332715988159e-01
   1.52800007248111e+00  -7.96906852722168e-01
   1.53000007257611e+00  -7.96449565887451e-01
   1.53200007267110e+00  -7.95960807800293e-01
   1.53400007276610e+00  -7.95440626144409e-01
   1.53600007286109e+00  -7.94889020919800e-01
   1.53800007295609e+00  -7.94306039810181e-01
   1.54000007305108e+00  -7.93691778182983e-01
   1.54200007314608e+00  -7.93046092987061e-01
   1.54400007324107e+00  -7.92369127273560e-01
   1.54600007333606e+00  -7.91660833358765e-01
   1.54800007343106e+00  -7.90921354293823e-01
   1.55000007352605e+00  -7.90150642395020e-01
   1.55200007362105e+00  -7.89348745346069e-01
   1.55400007371604e+00  -7.88515663146973e-01
   1.55600007381104e+00  -7.87651395797730e-01
   1.55800007390603e+00  -7.86756086349487e-01
   1.56000007400103e+00  -7.85829782485962e-01
   1.56200007409602e+00  -7.84872388839722e-01
   1.56400007419102e+00  -7.83884000778198e-01
   1.56600007428601e+00  -7.82864665985108e-01
   1.56800007438101e+00  -7.81814479827881e-01
   1.57000007447600e+00  -7.80733394622803e-01
   1.57200007457100e+00  -7.79621458053589e-01
   1.57400007466599e+00  -7.78478765487671e-01
   1.57600007476099e+00  -7.77305316925049e-01
   1.57800007485598e+00  -7.76101255416870e-01
   1.58000007495098e+00  -7.74866485595703e-01
   1.58200007504597e+00  -7.73601150512695e-01
   1.58400007514097e+00  -7.72305250167847e-01
   1.58600007523596e+00  -7.70978832244873e-01
   1.58800007533096e+00  -7.69622135162354e-01
   1.59000007542595e+00  -7.68234920501709e-01
   1.59200007552095e+00  -7.66817378997803e-01
   1.59400007561594e+00  -7.65369558334351e-01
   1.59600007571094e+00  -7.63891553878784e-01
   1.59800007580593e+00  -7.62383460998535e-01
   1.60000007590093e+00  -7.60845184326172e-01
   1.60200007599592e+00  -7.59276866912842e-01
   1.60400007609092e+00  -7.57678556442261e-01
   1.60600007618591e+00  -7.56050348281860e-01
   1.60800007628091e+00  -7.54392433166504e-01
   1.61000007637590e+00  -7.52704572677612e-01
   1.61200007647090e+00  -7.50987005233765e-01
   1.61400007656589e+00  -7.49239826202393e-01
   1.61600007666089e+00  -7.47463035583496e-01
   1.61800007675588e+00  -7.45656871795654e-01
   1.62000007685088e+00  -7.43821144104004e-01
   1.62200007694587e+00  -7.41956043243408e-01
   1.62400007704087e+00  -7.40061664581299e-01
   1.62600007713586e+00  -7.38138055801392e-01
   1.62800007723086e+00  -7.36185455322266e-01
   1.63000007732585e+00  -7.34203624725342e-01
   1.63200007742085e+00  -7.32192850112915e-01
   1.63400007751584e+00  -7.30153131484985e-01
   1.63600007761084e+00  -7.28084611892700e-01
   1.63800007770583e+00  -7.25987529754639e-01
   1.64000007780083e+00  -7.23861598968506e-01
   1.64200007789582e+00  -7.21707057952881e-01
   1.64400007799082e+00  -7.19524049758911e-01
   1.64600007808581e+00  -7.17312812805176e-01
   1.64800007818080e+00  -7.15073108673096e-01
   1.65000007827580e+00  -7.12805128097534e-01
   1.65200007837079e+00  -7.10509061813354e-01
   1.65400007846579e+00  -7.08184909820557e-01
   1.65600007856078e+00  -7.05832958221436e-01
   1.65800007865578e+00  -7.03453016281128e-01
   1.66000007875077e+00  -7.01045274734497e-01
   1.66200007884577e+00  -6.98609828948975e-01
   1.66400007894076e+00  -6.96146821975708e-01
   1.66600007903576e+00  -6.93656539916992e-01
   1.66800007913075e+00  -6.91138696670532e-01
   1.67000007922575e+00  -6.88593530654907e-01
   1.67200007932074e+00  -6.86021184921265e-01
   1.67400007941574e+00  -6.83421754837036e-01
   1.67600007951073e+00  -6.80795574188232e-01
   1.67800007960573e+00  -6.78142309188843e-01
   1.68000007970072e+00  -6.75462245941162e-01
   1.68200007979572e+00  -6.72755527496338e-01
   1.68400007989071e+00  -6.70022249221802e-01
   1.68600007998571e+00  -6.67262697219849e-01
   1.68800008008070e+00  -6.64476633071899e-01
   1.69000008017570e+00  -6.61664342880249e-01
   1.69200008027069e+00  -6.58825922012329e-01
   1.69400008036569e+00  -6.55961465835571e-01
   1.69600008046068e+00  -6.53071355819702e-01
   1.69800008055568e+00  -6.50155258178711e-01
   1.70000008065067e+00  -6.47213459014893e-01
   1.70200008074567e+00  -6.44246149063110e-01
   1.70400008084066e+00  -6.41253376007080e-01
   1.70600008093566e+00  -6.38235521316528e-01
   1.70800008103065e+00  -6.35192251205444e-01
   1.71000008112565e+00  -6.32123851776123e-01
   1.71200008122064e+00  -6.29030561447144e-01
   1.71400008131564e+00  -6.25912427902222e-01
   1.71600008141063e+00  -6.22769784927368e-01
   1.71800008150563e+00  -6.19602346420288e-01
   1.72000008160062e+00  -6.16410446166992e-01
   1.72200008169562e+00  -6.13194227218628e-01
   1.72400008179061e+00  -6.09953737258911e-01
   1.72600008188561e+00  -6.06689453125000e-01
   1.72800008198060e+00  -6.03400993347168e-01
   1.73000008207560e+00  -6.00088691711426e-01
   1.73200008217059e+00  -5.96752691268921e-01
   1.73400008226559e+00  -5.93393421173096e-01
   1.73600008236058e+00  -5.90010404586792e-01
   1.73800008245558e+00  -5.86604166030884e-01
   1.74000008255057e+00  -5.83174705505371e-01
   1.74200008264557e+00  -5.79722261428833e-01
   1.74400008274056e+00  -5.76247215270996e-01
   1.74600008283556e+00  -5.72749090194702e-01
   1.74800008293055e+00  -5.69228410720825e-01
   1.75000008302554e+00  -5.65685224533081e-01
   1.75200008312054e+00  -5.62119722366333e-01
   1.75400008321553e+00  -5.58532285690308e-01
   1.75600008331053e+00  -5.54922580718994e-01
   1.75800008340552e+00  -5.51290893554688e-01
   1.76000008350052e+00  -5.47637462615967e-01
   1.76200008359551e+00  -5.43962430953980e-01
   1.76400008369051e+00  -5.40266227722168e-01
   1.76600008378550e+00  -5.36548376083374e-01
   1.76800008388050e+00  -5.32809352874756e-01
   1.77000008397549e+00  -5.29049301147461e-01
   1.77200008407049e+00  -5.25268316268921e-01
   1.77400008416548e+00  -5.21466922760010e-01
   1.77600008426048e+00  -5.17644643783569e-01
   1.77800008435547e+00  -5.13801956176758e-01
   1.78000008445047e+00  -5.09938955307007e-01
   1.78200008454546e+00  -5.06055831909180e-01
   1.78400008464046e+00  -5.02153015136719e-01
   1.78600008473545e+00  -4.98230123519897e-01
   1.78800008483045e+00  -4.94287490844727e-01
   1.79000008492544e+00  -4.90325403213501e-01
   1.79200008502044e+00  -4.86343955993652e-01
   1.79400008511543e+00  -4.82343578338623e-01
   1.79600008521043e+00  -4.78323841094971e-01
   1.79800008530542e+00  -4.74285268783569e-01
   1.80000008540042e+00  -4.70227956771851e-01
   1.80200008549541e+00  -4.66152048110962e-01
   1.80400008559041e+00  -4.62058067321777e-01
   1.80600008568540e+00  -4.57945537567139e-01
   1.80800008578040e+00  -4.53814935684204e-01
   1.81000008587539e+00  -4.49666452407837e-01
   1.81200008597039e+00  -4.45500135421753e-01
   1.81400008606538e+00  -4.41316604614258e-01
   1.81600008616038e+00  -4.37115335464478e-01
   1.81800008625537e+00  -4.32896804809570e-01
   1.82000008635037e+00  -4.28661155700684e-01
   1.82200008644536e+00  -4.24408912658691e-01
   1.82400008654036e+00  -4.20139598846436e-01
   1.82600008663535e+00  -4.15853691101074e-01
   1.82800008673035e+00  -4.11551380157471e-01
   1.83000008682534e+00  -4.07232856750488e-01
   1.83200008692034e+00  -4.02898502349854e-01
   1.83400008701533e+00  -3.98547983169556e-01
   1.83600008711033e+00  -3.94181704521179e-01
   1.83800008720532e+00  -3.89799857139587e-01
   1.84000008730032e+00  -3.85402631759644e-01
   1.84200008739531e+00  -3.80990505218506e-01
   1.84400008749031e+00  -3.76563024520874e-01
   1.84600008758530e+00  -3.72120666503906e-01
   1.84800008768030e+00  -3.67663621902466e-01
   1.85000008777529e+00  -3.63192081451416e-01
   1.85200008787028e+00  -3.58706521987915e-01
   1.85400008796528e+00  -3.54206466674805e-01
   1.85600008806027e+00  -3.49692416191101e-01
   1.85800008815527e+00  -3.45164561271668e-01
   1.86000008825026e+00  -3.40623092651367e-01
   1.86200008834526e+00  -3.36068511009216e-01
   1.86400008844025e+00  -3.31500315666199e-01
   1.86600008853525e+00  -3.26919054985046e-01
   1.86800008863024e+00  -3.22324872016907e-01
   1.87000008872524e+00  -3.17717957496643e-01
   1.87200008882023e+00  -3.13098859786987e-01
   1.87400008891523e+00  -3.08467054367065e-01
   1.87600008901022e+00  -3.03823041915894e-01
   1.87800008910522e+00  -2.99167060852051e-01
   1.88000008920021e+00  -2.94499278068542e-01
   1.88200008929521e+00  -2.89820194244385e-01
   1.88400008939020e+00  -2.85129332542419e-01
   1.88600008948520e+00  -2.80427217483521e-01
   1.88800008958019e+00  -2.75714039802551e-01
   1.89000008967519e+00  -2.70989942550659e-01
   1.89200008977018e+00  -2.66255545616150e-01
   1.89400008986518e+00  -2.61510252952576e-01
   1.89600008996017e+00  -2.56754636764526e-01
   1.89800009005517e+00  -2.51988887786865e-01
   1.90000009015016e+00  -2.47213554382324e-01
   1.90200009024516e+00  -2.42428112030029e-01
   1.90400009034015e+00  -2.37633085250854e-01
   1.90600009043515e+00  -2.32828664779663e-01
   1.90800009053014e+00  -2.28015065193176e-01
   1.91000009062514e+00  -2.23192834854126e-01
   1.91200009072013e+00  -2.18361425399780e-01
   1.91400009081513e+00  -2.13521385192871e-01
   1.91600009091012e+00  -2.08672928810120e-01
   1.91800009100512e+00  -2.03816223144531e-01
   1.92000009110011e+00  -1.98951852321625e-01
   1.92200009119511e+00  -1.94079256057739e-01
   1.92400009129010e+00  -1.89198994636536e-01
   1.92600009138510e+00  -1.84311258792877e-01
   1.92800009148009e+00  -1.79416251182556e-01
   1.93000009157509e+00  -1.74514532089233e-01
   1.93200009167008e+00  -1.69605541229248e-01
   1.93400009176508e+00  -1.64689862728119e-01
   1.93600009186007e+00  -1.59767687320709e-01
   1.93800009195507e+00  -1.54839205741882e-01
   1.94000009205006e+00  -1.49904978275299e-01
   1.94200009214506e+00  -1.44964456558228e-01
   1.94400009224005e+00  -1.40018212795258e-01
   1.94600009233505e+00  -1.35066449642181e-01
   1.94800009243004e+00  -1.30109345912933e-01
   1.95000009252504e+00  -1.25147485733032e-01
   1.95200009262003e+00  -1.20180308818817e-01
   1.95400009271502e+00  -1.15208387374878e-01
   1.95600009281002e+00  -1.10231912136078e-01
   1.95800009290501e+00  -1.05251085758209e-01
   1.96000009300001e+00  -1.00266492366791e-01
   1.96200009309500e+00  -9.52775537967682e-02
   1.96400009319000e+00  -9.02848541736603e-02
   1.96600009328499e+00  -8.52885901927948e-02
   1.96800009337999e+00  -8.02889645099640e-02
   1.97000009347498e+00  -7.52865433692932e-02
   1.97200009356998e+00  -7.02807724475861e-02
   1.97400009366497e+00  -6.52722239494324e-02
   1.97600009375997e+00  -6.02611005306244e-02
   1.97800009385496e+00  -5.52475988864899e-02
   1.98000009394996e+00  -5.02322971820831e-02
   1.98200009404495e+00  -4.52146291732788e-02
   1.98400009413995e+00  -4.01951789855957e-02
   1.98600009423494e+00  -3.51741403341293e-02
   1.98800009432994e+00  -3.01520943641663e-02
   1.99000009442493e+00  -2.51284778118134e-02
   1.99200009451993e+00  -2.01038688421249e-02
   1.99400009461492e+00  -1.50784656405449e-02
   1.99600009470992e+00  -1.00524671375751e-02
   1.99800009480491e+00  -5.02645373344421e-03
