   0.00000000000000e+00   0.00000000000000e+00   0.00000000000000e+00
   6.66666681567828e-02   1.67550510436184e-01   2.99999993294477e-02
   6.66666713232796e-02   1.67543904254573e-01   5.99999986588955e-02
   6.66666713232796e-02   1.67530704308988e-01   8.99999979883432e-02
   6.66666713232796e-02   1.67510811258349e-01   1.19999997317791e-01
   6.66666713232796e-02   1.67484386531908e-01   1.49999996647239e-01
   6.66666713232796e-02   1.67451305953318e-01   1.79999995976686e-01
   6.66666713232796e-02   1.67411569522580e-01   2.09999995306134e-01
   6.66666713232797e-02   1.67365375921847e-01   2.39999994635582e-01
   6.66666713232796e-02   1.67312427127887e-01   2.69999993965030e-01
   6.66666713232796e-02   1.67252921822857e-01   2.99999993294477e-01
   6.66666713232796e-02   1.67186860006754e-01   3.29999992623925e-01
   6.66666713232796e-02   1.67114142338503e-01   3.59999991953373e-01
   6.66666713232796e-02   1.67034868159179e-01   3.89999991282821e-01
   6.66666713232796e-02   1.66949037468785e-01   4.19999990612268e-01
   6.66666713232796e-02   1.66856252903010e-01   4.49999989941716e-01
   6.66666713232796e-02   1.66757507872625e-01   4.79999989271164e-01
   6.66666713232796e-02   1.66651610284707e-01   5.09999988600612e-01
   6.66666713232796e-02   1.66539553550025e-01   5.39999987930059e-01
   6.66666713232796e-02   1.66420741622117e-01   5.69999987259507e-01
   6.66666713232796e-02   1.66295174500984e-01   5.99999986588955e-01
   6.66666713232796e-02   1.66163448233085e-01   6.29999985918403e-01
   6.66666713232796e-02   1.66024768089808e-01   6.59999985247850e-01
   6.66666713232796e-02   1.65879730117613e-01   6.89999984577298e-01
   6.66666713232796e-02   1.65728334316500e-01   7.19999983906746e-01
   6.66666713232796e-02   1.65570183322160e-01   7.49999983236194e-01
   6.66666713232796e-02   1.65405277134596e-01   7.79999982565641e-01
   6.66666713232796e-02   1.65234013118113e-01   8.09999981895089e-01
   6.66666713232796e-02   1.65056788637020e-01   8.39999981224537e-01
   6.66666713232796e-02   1.64872014234087e-01   8.69999980553985e-01
   6.66666713232796e-02   1.64680882002234e-01   8.99999979883432e-01
   6.66666713232796e-02   1.64484584034387e-01   9.29999979212880e-01
   6.66666713232796e-02   1.64279941416083e-01   9.59999978542328e-01
   6.66666713232796e-02   1.64070530426093e-01   9.89999977871776e-01
   6.66666713232796e-02   1.63853172149953e-01   1.01999997720122e+00
   6.66666713232796e-02   1.63630250773510e-01   1.04999997653067e+00
   6.66666713232796e-02   1.63400574203842e-01   1.07999997586012e+00
   6.66666713232796e-02   1.63164539805255e-01   1.10999997518957e+00
   6.66666713232796e-02   1.62921750213443e-01   1.13999997451901e+00
   6.66666713232796e-02   1.62672602792714e-01   1.16999997384846e+00
   6.66666713232796e-02   1.62417892271680e-01   1.19999997317791e+00
   6.66666713232796e-02   1.62156029193114e-01   1.22999997250736e+00
   6.66666713232796e-02   1.61887013557014e-01   1.25999997183681e+00
   6.66666713232796e-02   1.61612832184919e-01   1.28999997116625e+00
   6.66666713232796e-02   1.61332292983906e-01   1.31999997049570e+00
   6.66666713232796e-02   1.61044601225360e-01   1.34999996982515e+00
   6.66666713232796e-02   1.60750551637895e-01   1.37999996915460e+00
   6.66666713232796e-02   1.60450938950128e-01   1.40999996848404e+00
   6.66666713232796e-02   1.60144173704827e-01   1.43999996781349e+00
   6.66666713232796e-02   1.59831050630608e-01   1.46999996714294e+00
   6.66666713232796e-02   1.59513159184700e-01   1.49999996647239e+00
   6.66666713232796e-02   1.59187320452646e-01   1.52999996580184e+00
   6.66666713232796e-02   1.58855918620286e-01   1.55999996513128e+00
   6.66666713232796e-02   1.58517364230394e-01   1.58999996446073e+00
   6.66666713232796e-02   1.58174041468816e-01   1.61999996379018e+00
   6.66666713232796e-02   1.57823566149702e-01   1.64999996311963e+00
   6.66666713232796e-02   1.57466733001670e-01   1.67999996244907e+00
   6.66666713232796e-02   1.57103542024721e-01   1.70999996177852e+00
   6.66666713232796e-02   1.56735582676085e-01   1.73999996110797e+00
   6.66666713232796e-02   1.56359676041297e-01   1.76999996043742e+00
   6.66666713232796e-02   1.55977411577594e-01   1.79999995976686e+00
   6.66666713232796e-02   1.55591173470818e-01   1.82999995909631e+00
   6.66666713232796e-02   1.55197782806505e-01   1.85999995842576e+00
   6.66666713232796e-02   1.54797239584662e-01   1.88999995775521e+00
   6.66666713232796e-02   1.54390338533901e-01   1.91999995708466e+00
   6.66666713232796e-02   1.53979463840066e-01   1.94999995641410e+00
   6.66666713232796e-02   1.53561436588697e-01   1.97999995574355e+00
   6.66666713232796e-02   1.53137846237025e-01   2.00999995507300e+00
   6.66666713232796e-02   1.52706308599205e-01   2.03999995440245e+00
   6.66666713232796e-02   1.52270797318313e-01   2.06999995373189e+00
   6.66666713232796e-02   1.51828133479886e-01   2.09999995306134e+00
   6.66666713232796e-02   1.51379906541157e-01   2.12999995239079e+00
   6.66666713232796e-02   1.50926116502125e-01   2.15999995172024e+00
   6.66666713232796e-02   1.50465968634173e-01   2.18999995104969e+00
   6.66666713232796e-02   1.49999462937302e-01   2.21999995037913e+00
   6.66666713232796e-02   1.49527394140132e-01   2.24999994970858e+00
   6.66666713232796e-02   1.49049762242655e-01   2.27999994903803e+00
   6.66666713232796e-02   1.48565772516260e-01   2.30999994836748e+00
   6.66666713232796e-02   1.48075424960948e-01   2.33999994769692e+00
   6.66666713232796e-02   1.47581103762562e-01   2.36999994702637e+00
   6.66666713232796e-02   1.47079630006644e-01   2.39999994635582e+00
   6.66666713232796e-02   1.46571003693190e-01   2.42999994568527e+00
   6.66666713232796e-02   1.46059993193895e-01   2.45999994501472e+00
   6.66666713232796e-02   1.45540240679835e-01   2.48999994434416e+00
   6.66666713232796e-02   1.45014925065472e-01   2.51999994367361e+00
   6.66666713232796e-02   1.44486430536653e-01   2.54999994300306e+00
   6.66666713232796e-02   1.43949193993069e-01   2.57999994233251e+00
   6.66666713232796e-02   1.43408778535026e-01   2.60999994166195e+00
   6.66666713232796e-02   1.42862005248065e-01   2.63999994099140e+00
   6.66666713232796e-02   1.42307284674957e-01   2.66999994032085e+00
   6.66666713232796e-02   1.41750974644617e-01   2.69999993965030e+00
   6.66666713232796e-02   1.41185127870902e-01   2.72999993897974e+00
   6.66666713232796e-02   1.40614512725500e-01   2.75999993830919e+00
   6.66666713232796e-02   1.40042308122865e-01   2.78999993763864e+00
   6.66666713232796e-02   1.39458977319625e-01   2.81999993696809e+00
   6.66666713232796e-02   1.38872467601925e-01   2.84999993629754e+00
   6.66666713232796e-02   1.38282778969767e-01   2.87999993562698e+00
   6.66666713232796e-02   1.37685143051461e-01   2.90999993495643e+00
   6.66666713232796e-02   1.37081149304237e-01   2.93999993428588e+00
   6.66666713232796e-02   1.36475566099782e-01   2.96999993361533e+00
   6.66666713232796e-02   1.35858856694722e-01   2.99999993294477e+00
   6.66666713232796e-02   1.35243736746892e-01   3.02999993227422e+00
   6.66666713232796e-02   1.34617490598454e-01   3.05999993160367e+00
   6.66666713232796e-02   1.33986476078326e-01   3.08999993093312e+00
   6.66666713232796e-02   1.33355461558201e-01   3.11999993026257e+00
   6.66666713232796e-02   1.32711731380238e-01   3.14999992959201e+00
   6.66666713232796e-02   1.32068001202275e-01   3.17999992892146e+00
   6.66666713232796e-02   1.31419502652625e-01   3.20999992825091e+00
   6.66666713232796e-02   1.30761467359596e-01   3.23999992758036e+00
   6.66666713232796e-02   1.30100253152107e-01   3.26999992690980e+00
   6.66666713232796e-02   1.29437449487391e-01   3.29999992623925e+00
   6.66666713232796e-02   1.28763519622065e-01   3.32999992556870e+00
   6.66666713232796e-02   1.28088000299515e-01   3.35999992489815e+00
   6.66666713232796e-02   1.27407712605272e-01   3.38999992422760e+00
   6.66666713232796e-02   1.26719477624882e-01   3.41999992355704e+00
   6.66666713232796e-02   1.26031242644491e-01   3.44999992288649e+00
   6.66666713232796e-02   1.25331881463494e-01   3.47999992221594e+00
   6.66666713232796e-02   1.24632520282498e-01   3.50999992154539e+00
   6.66666713232796e-02   1.23926801272585e-01   3.53999992087483e+00
   6.66666713232796e-02   1.23214724433751e-01   3.56999992020428e+00
   6.66666713232796e-02   1.22499468680459e-01   3.59999991953373e+00
   6.66666713232796e-02   1.21779444555478e-01   3.62999991886318e+00
   6.66666713232796e-02   1.21053062601580e-01   3.65999991819263e+00
   6.66666713232796e-02   1.20323501733224e-01   3.68999991752207e+00
   6.66666713232796e-02   1.19587583035947e-01   3.71999991685152e+00
   6.66666713232796e-02   1.18846895966981e-01   3.74999991618097e+00
   6.66666713232796e-02   1.18104619440788e-01   3.77999991551042e+00
   6.66666713232796e-02   1.17354395628447e-01   3.80999991483986e+00
   6.66666713232796e-02   1.16600992901644e-01   3.83999991416931e+00
   6.66666713232796e-02   1.15844411260386e-01   3.86999991349876e+00
   6.66666713232796e-02   1.15079882332977e-01   3.89999991282821e+00
   6.66666713232796e-02   1.14310585033883e-01   3.92999991215765e+00
   6.66666713232796e-02   1.13541287734784e-01   3.95999991148710e+00
   6.66666713232796e-02   1.12764043149542e-01   3.98999991081655e+00
   6.66666713232796e-02   1.11983619649841e-01   4.01999991014600e+00
   6.66666713232796e-02   1.11198427778447e-01   4.04999990947545e+00
   6.66666713232796e-02   1.10408467535368e-01   4.07999990880489e+00
   6.66666713232796e-02   1.09613738920599e-01   4.10999990813434e+00
   6.66666713232796e-02   1.08815831391368e-01   4.13999990746379e+00
   6.66666713232796e-02   1.08013155490456e-01   4.16999990679324e+00
   6.66666713232796e-02   1.07207300675077e-01   4.19999990612268e+00
   6.66666713232796e-02   1.06395088030786e-01   4.22999990545213e+00
   6.66666713232796e-02   1.05578107014801e-01   4.25999990478158e+00
   6.66666713232796e-02   1.04761125998820e-01   4.28999990411103e+00
   6.66666713232796e-02   1.03936197696692e-01   4.31999990344048e+00
   6.66666713232796e-02   1.03108090480101e-01   4.34999990276992e+00
   6.66666713232796e-02   1.02278393806283e-01   4.37999990209937e+00
   6.66666713232796e-02   1.01440749846314e-01   4.40999990142882e+00
   6.66666713232796e-02   1.00601516429121e-01   4.43999990075827e+00
   6.66666713232796e-02   9.97575146402352e-02   4.46999990008771e+00
   6.66666713232796e-02   9.89087444796637e-02   4.49999989941716e+00
   6.66666713232796e-02   9.80583848618611e-02   4.52999989874661e+00
   6.66666713232796e-02   9.72016674151381e-02   4.55999989807606e+00
   6.66666713232796e-02   9.63433605111915e-02   4.58999989740551e+00
   6.66666713232796e-02   9.54802852355482e-02   4.61999989673495e+00
   6.66666713232796e-02   9.46124415882229e-02   4.64999989606440e+00
   6.66666713232796e-02   9.37414190264393e-02   4.67999989539385e+00
   6.66666713232796e-02   9.28688070074173e-02   4.70999989472330e+00
   6.66666713232796e-02   9.19882477022586e-02   4.73999989405274e+00
   6.66666713232796e-02   9.11092778543199e-02   4.76999989338219e+00
   6.66666713232796e-02   9.02207712630136e-02   4.79999989271164e+00
   6.66666713232796e-02   8.93338541289272e-02   4.82999989204109e+00
   6.66666713232796e-02   8.84405791659279e-02   4.85999989137053e+00
   6.66666713232796e-02   8.75473042029285e-02   4.88999989069998e+00
   6.66666713232796e-02   8.66460819537814e-02   4.91999989002943e+00
   6.66666713232796e-02   8.57416807901723e-02   4.94999988935888e+00
   6.66666713232796e-02   8.48372796265670e-02   4.97999988868833e+00
   6.66666713232796e-02   8.39281100912722e-02   5.00999988801777e+00
   6.66666713232796e-02   8.30141721842881e-02   5.03999988734722e+00
   6.66666713232796e-02   8.21002342773040e-02   5.06999988667667e+00
   6.66666713232796e-02   8.11783490841722e-02   5.09999988600612e+00
   6.66666713232796e-02   8.02564638910368e-02   5.12999988533556e+00
   6.66666713232796e-02   7.93313997834504e-02   5.15999988466501e+00
   6.66666713232796e-02   7.84015673041709e-02   5.18999988399446e+00
   6.66666713232796e-02   7.74701453676604e-02   5.21999988332391e+00
   6.66666713232796e-02   7.65371339739189e-02   5.24999988265336e+00
   6.66666713232796e-02   7.55961752940371e-02   5.27999988198280e+00
   6.66666713232796e-02   7.46568060713789e-02   5.30999988131225e+00
   6.66666713232796e-02   7.37110790198041e-02   5.33999988064170e+00
   6.66666713232796e-02   7.27653519682292e-02   5.36999987997115e+00
   6.66666713232796e-02   7.18180354594234e-02   5.39999987930059e+00
   6.66666713232796e-02   7.08627716644735e-02   5.42999987863004e+00
   6.66666713232796e-02   6.99075078695200e-02   5.45999987795949e+00
   6.66666713232796e-02   6.89490651601118e-02   5.48999987728894e+00
   6.66666713232796e-02   6.79890329934689e-02   5.51999987661839e+00
   6.66666713232796e-02   6.70258219123676e-02   5.54999987594783e+00
   6.66666713232796e-02   6.60594319168118e-02   5.57999987527728e+00
   6.66666713232796e-02   6.50898630067902e-02   5.60999987460673e+00
   6.66666713232796e-02   6.41187046395449e-02   5.63999987393618e+00
   6.66666713232796e-02   6.31459568150687e-02   5.66999987326562e+00
   6.66666713232796e-02   6.21684406189031e-02   5.69999987259507e+00
   6.66666713232796e-02   6.11909244227375e-02   5.72999987192452e+00
   6.66666713232796e-02   6.02086398548826e-02   5.75999987125397e+00
   6.66666713232796e-02   5.92247658297966e-02   5.78999987058342e+00
   6.66666713232796e-02   5.82393023474870e-02   5.81999986991286e+00
   6.66666713232796e-02   5.72506599507117e-02   5.84999986924231e+00
   6.66666713232796e-02   5.62604280967128e-02   5.87999986857176e+00
   6.66666713232796e-02   5.52686067854791e-02   5.90999986790121e+00
   6.66666713232796e-02   5.42720171025598e-02   5.93999986723065e+00
   6.66666713232796e-02   5.32754274196405e-02   5.96999986656010e+00
   6.66666713232796e-02   5.22772482794902e-02   5.99999986588955e+00
   6.66666713232796e-02   5.12743007676505e-02   6.02999986521900e+00
   6.66666713232796e-02   5.02729427130455e-02   6.05999986454844e+00
   6.66666713232796e-02   4.92668162867438e-02   6.08999986387789e+00
   6.66666713232796e-02   4.82591004032222e-02   6.11999986320734e+00
   6.66666713232796e-02   4.72513845196895e-02   6.14999986253679e+00
   6.66666713232796e-02   4.62389002644785e-02   6.17999986186624e+00
   6.66666713232796e-02   4.52264160092601e-02   6.20999986119568e+00
   6.66666713232796e-02   4.42139317540491e-02   6.23999986052513e+00
   6.66666713232796e-02   4.31950896699104e-02   6.26999985985458e+00
   6.66666713232796e-02   4.21778370430100e-02   6.29999985918403e+00
   6.66666713232796e-02   4.11589949588750e-02   6.32999985851347e+00
   6.66666713232796e-02   4.01369739602816e-02   6.35999985784292e+00
   6.66666713232796e-02   3.91133635044609e-02   6.38999985717237e+00
   6.66666713232796e-02   3.80897530486365e-02   6.41999985650182e+00
   6.66666713232796e-02   3.70645531355885e-02   6.44999985583127e+00
   6.66666713232796e-02   3.60361743080747e-02   6.47999985516071e+00
   6.66666713232796e-02   3.50062060233336e-02   6.50999985449016e+00
   6.66666713232796e-02   3.39778271958236e-02   6.53999985381961e+00
   6.66666713232796e-02   3.29462694538552e-02   6.56999985314906e+00
   6.66666713232796e-02   3.19131222546558e-02   6.59999985247850e+00
   6.66666713232796e-02   3.08783855982253e-02   6.62999985180795e+00
   6.66666713232796e-02   2.98436489417986e-02   6.65999985113740e+00
   6.66666713232796e-02   2.88057333709098e-02   6.68999985046685e+00
   6.66666713232796e-02   2.77709967144794e-02   6.71999984979630e+00
   6.66666713232796e-02   2.67299022291323e-02   6.74999984912574e+00
   6.66666713232796e-02   2.56903972010162e-02   6.77999984845519e+00
   6.66666713232796e-02   2.46493027156691e-02   6.80999984778464e+00
   6.66666713232796e-02   2.36082082303183e-02   6.83999984711409e+00
   6.66666713232796e-02   2.25655242877476e-02   6.86999984644353e+00
   6.66666713232796e-02   2.15228403451658e-02   6.89999984577298e+00
   6.66666713232796e-02   2.04769774881331e-02   6.92999984510243e+00
   6.66666713232796e-02   1.94327040883276e-02   6.95999984443188e+00
   6.66666713232796e-02   1.83852517740602e-02   6.98999984376132e+00
   6.66666713232796e-02   1.73393889170237e-02   7.01999984309077e+00
   6.66666713232796e-02   1.62919366027599e-02   7.04999984242022e+00
   6.66666713232796e-02   1.52444842884962e-02   7.07999984174967e+00
   6.66666713232796e-02   1.41954425169977e-02   7.10999984107912e+00
   6.66666713232796e-02   1.31448112882756e-02   7.13999984040856e+00
   6.66666713232796e-02   1.20973589740118e-02   7.16999983973801e+00
   6.66666713232796e-02   1.10451382880550e-02   7.19999983906746e+00
   6.66666713232796e-02   9.99609651656390e-03   7.22999983839691e+00
   6.66666713232796e-02   8.94387583060708e-03   7.25999983772635e+00
   6.66666713232796e-02   7.89165514465396e-03   7.28999983705580e+00
   6.66666713232796e-02   6.84102391592815e-03   7.31999983638525e+00
   6.66666713232796e-02   5.78880322997873e-03   7.34999983571470e+00
   6.66666713232796e-02   4.73817200124923e-03   7.37999983504415e+00
   6.66666713232796e-02   3.68436185806879e-03   7.40999983437359e+00
   6.66666713232796e-02   2.63055171488465e-03   7.43999983370304e+00
   6.66666713232796e-02   1.57992048615885e-03   7.46999983303249e+00
   6.66666713232796e-02   5.26110342978411e-04   7.49999983236194e+00
   6.66666713232796e-02  -5.26110342978411e-04   7.52999983169138e+00
   6.66666713232796e-02  -1.57992048615885e-03   7.55999983102083e+00
   6.66666713232796e-02  -2.63055171488465e-03   7.58999983035028e+00
   6.66666713232796e-02  -3.68436185806879e-03   7.61999982967973e+00
   6.66666713232796e-02  -4.73817200124923e-03   7.64999982900918e+00
   6.66666713232796e-02  -5.78880322997873e-03   7.67999982833862e+00
   6.66666713232796e-02  -6.84102391592815e-03   7.70999982766807e+00
   6.66666713232796e-02  -7.89165514465396e-03   7.73999982699752e+00
   6.66666713232796e-02  -8.94546528783810e-03   7.76999982632697e+00
   6.66666713232796e-02  -9.99450705933288e-03   7.79999982565641e+00
   6.66666713232796e-02  -1.10467277452860e-02   7.82999982498586e+00
   6.66666713232796e-02  -1.20957695167808e-02   7.85999982431531e+00
   6.66666713232796e-02  -1.31464007455029e-02   7.88999982364476e+00
   6.66666713232796e-02  -1.41938530597704e-02   7.91999982297421e+00
   6.66666713232796e-02  -1.52444842884962e-02   7.94999982230365e+00
   6.66666713232796e-02  -1.62919366027599e-02   7.97999982163310e+00
   6.66666713232796e-02  -1.73393889170237e-02   8.00999982096255e+00
   6.66666713232796e-02  -1.83868412312912e-02   8.03999982029200e+00
   6.66666713232796e-02  -1.94311146310966e-02   8.06999981962144e+00
   6.66666713232796e-02  -2.04785669453604e-02   8.09999981895089e+00
   6.66666713232796e-02  -2.15212508879385e-02   8.12999981828034e+00
   6.66666713232796e-02  -2.25655242877476e-02   8.15999981760979e+00
   6.66666713232796e-02  -2.36082082303183e-02   8.18999981693923e+00
   6.66666713232796e-02  -2.46493027156691e-02   8.21999981626868e+00
   6.66666713232796e-02  -2.56919866582472e-02   8.24999981559813e+00
   6.66666713232796e-02  -2.67299022291323e-02   8.27999981492758e+00
   6.66666713232796e-02  -2.77694072572484e-02   8.30999981425703e+00
   6.66666713232796e-02  -2.88073228281409e-02   8.33999981358647e+00
   6.66666713232796e-02  -2.98436489417949e-02   8.36999981291592e+00
   6.66666713232796e-02  -3.08783855982290e-02   8.39999981224537e+00
   6.66666713232796e-02  -3.19131222546521e-02   8.42999981157482e+00
   6.66666713232796e-02  -3.29446799966278e-02   8.45999981090426e+00
   6.66666713232796e-02  -3.39778271958236e-02   8.48999981023371e+00
   6.66666713232796e-02  -3.50077954805646e-02   8.51999980956316e+00
   6.66666713232796e-02  -3.60361743080747e-02   8.54999980889261e+00
   6.66666713232796e-02  -3.70645531355847e-02   8.57999980822206e+00
   6.66666713232796e-02  -3.80881635914092e-02   8.60999980755150e+00
   6.66666713232796e-02  -3.91149529616919e-02   8.63999980688095e+00
   6.66666713232796e-02  -4.01369739602816e-02   8.66999980621040e+00
   6.66666713232796e-02  -4.11574055016439e-02   8.69999980553985e+00
   6.66666713232796e-02  -4.21794265002373e-02   8.72999980486929e+00
   6.66666713232796e-02  -4.31950896699141e-02   8.75999980419874e+00
   6.66666713232796e-02  -4.42123422968181e-02   8.78999980352819e+00
   6.66666713232796e-02  -4.52264160092601e-02   8.81999980285764e+00
   6.66666713232796e-02  -4.62404897217058e-02   8.84999980218709e+00
   6.66666713232796e-02  -4.72513845196932e-02   8.87999980151653e+00
   6.66666713232796e-02  -4.82591004032185e-02   8.90999980084598e+00
   6.66666713232796e-02  -4.92668162867475e-02   8.93999980017543e+00
   6.66666713232796e-02  -5.02713532558145e-02   8.96999979950488e+00
   6.66666713232796e-02  -5.12758902248815e-02   8.99999979883432e+00
   6.66666713232796e-02  -5.22756588222591e-02   9.02999979816377e+00
   6.66666713232796e-02  -5.32770168768678e-02   9.05999979749322e+00
   6.66666713232796e-02  -5.42720171025598e-02   9.08999979682267e+00
   6.66666713232796e-02  -5.52686067854828e-02   9.11999979615211e+00
   6.66666713232796e-02  -5.62588386394817e-02   9.14999979548156e+00
   6.66666713232796e-02  -5.72522494079427e-02   9.17999979481101e+00
   6.66666713232796e-02  -5.82393023474833e-02   9.20999979414046e+00
   6.66666713232796e-02  -5.92247658298003e-02   9.23999979346991e+00
   6.66666713232796e-02  -6.02086398548826e-02   9.26999979279935e+00
   6.66666713232796e-02  -6.11909244227375e-02   9.29999979212880e+00
   6.66666713232796e-02  -6.21684406188994e-02   9.32999979145825e+00
   6.66666713232796e-02  -6.31443673578414e-02   9.35999979078770e+00
   6.66666713232796e-02  -6.41202940967723e-02   9.38999979011714e+00
   6.66666713232796e-02  -6.50898630067939e-02   9.41999978944659e+00
   6.66666713232796e-02  -6.60594319168081e-02   9.44999978877604e+00
   6.66666713232796e-02  -6.70258219123713e-02   9.47999978810549e+00
   6.66666713232796e-02  -6.79874435362379e-02   9.50999978743494e+00
   6.66666713232796e-02  -6.89522440745701e-02   9.53999978676438e+00
   6.66666713232796e-02  -6.99059184122890e-02   9.56999978609383e+00
   6.66666713232796e-02  -7.08643611217045e-02   9.59999978542328e+00
   6.66666713232796e-02  -7.18164460021961e-02   9.62999978475273e+00
   6.66666713232796e-02  -7.27637625109982e-02   9.65999978408217e+00
   6.66666713232796e-02  -7.37142579342624e-02   9.68999978341162e+00
   6.66666713232796e-02  -7.46536271569206e-02   9.71999978274107e+00
   6.66666713232796e-02  -7.55993542084954e-02   9.74999978207052e+00
   6.66666713232796e-02  -7.65371339739226e-02   9.77999978139997e+00
   6.66666713232796e-02  -7.74685559104294e-02   9.80999978072941e+00
   6.66666713232796e-02  -7.84031567613982e-02   9.83999978005886e+00
   6.66666713232796e-02  -7.93298103262193e-02   9.86999977938831e+00
   6.66666713232796e-02  -8.02580533482715e-02   9.89999977871776e+00
   6.66666713232796e-02  -8.11767596269412e-02   9.92999977804720e+00
   6.66666713232796e-02  -8.21002342773040e-02   9.95999977737665e+00
   6.66666713232796e-02  -8.30157616415154e-02   9.98999977670610e+00
   6.66666713232796e-02  -8.39265206340412e-02   1.00199997760355e+01
   6.66666713232796e-02  -8.48372796265670e-02   1.00499997753650e+01
   6.66666713232796e-02  -8.57416807901761e-02   1.00799997746944e+01
   6.66666713232796e-02  -8.66476714110088e-02   1.01099997740239e+01
   6.66666713232796e-02  -8.75473042029285e-02   1.01399997733533e+01
   6.66666713232796e-02  -8.84389897087005e-02   1.01699997726828e+01
   6.66666713232796e-02  -8.93338541289272e-02   1.01999997720122e+01
   6.66666713232796e-02  -9.02207712630099e-02   1.02299997713417e+01
   6.66666713232796e-02  -9.11092778543236e-02   1.02599997706711e+01
   6.66666713232796e-02  -9.19914266167133e-02   1.02899997700006e+01
   6.66666713232796e-02  -9.28656280929626e-02   1.03199997693300e+01
   6.66666713232796e-02  -9.37430084836666e-02   1.03499997686595e+01
   6.66666713232796e-02  -9.46108521309919e-02   1.03799997679889e+01
   6.66666713232796e-02  -9.54818746927792e-02   1.04099997673184e+01
   6.66666713232796e-02  -9.63401815967332e-02   1.04399997666478e+01
   6.66666713232796e-02  -9.72032568723691e-02   1.04699997659773e+01
   6.66666713232796e-02  -9.80599743190884e-02   1.04999997653067e+01
   6.66666713232796e-02  -9.89071550224326e-02   1.05299997646362e+01
   6.66666713232796e-02  -9.97591040974663e-02   1.05599997639656e+01
   6.66666713232796e-02  -1.00598337514663e-01   1.05899997632951e+01
   6.66666713232796e-02  -1.01443928760772e-01   1.06199997626245e+01
   6.66666713232796e-02  -1.02278393806283e-01   1.06499997619539e+01
   6.66666713232796e-02  -1.03106501022874e-01   1.06799997612834e+01
   6.66666713232796e-02  -1.03937787153919e-01   1.07099997606128e+01
   6.66666713232796e-02  -1.04757947084362e-01   1.07399997599423e+01
   6.66666713232796e-02  -1.05581285929259e-01   1.07699997592717e+01
   6.66666713232796e-02  -1.06396677488017e-01   1.07999997586012e+01
   6.66666713232796e-02  -1.07204121760619e-01   1.08299997579306e+01
   6.66666713232796e-02  -1.08014744947683e-01   1.08599997572601e+01
   6.66666713232796e-02  -1.08814241934141e-01   1.08899997565895e+01
   6.66666713232796e-02  -1.09615328377826e-01   1.09199997559190e+01
   6.66666713232796e-02  -1.10410056992599e-01   1.09499997552484e+01
   6.66666713232796e-02  -1.11195248863989e-01   1.09799997545779e+01
   6.66666713232796e-02  -1.11985209107068e-01   1.10099997539073e+01
   6.66666713232796e-02  -1.12762453692311e-01   1.10399997532368e+01
   6.66666713232796e-02  -1.13541287734788e-01   1.10699997525662e+01
   6.66666713232796e-02  -1.14310585033879e-01   1.10999997518957e+01
   6.66666713232796e-02  -1.15081471790208e-01   1.11299997512251e+01
   6.66666713232796e-02  -1.15844411260386e-01   1.11599997505546e+01
   6.66666713232796e-02  -1.16599403444417e-01   1.11899997498840e+01
   6.66666713232796e-02  -1.17355985085674e-01   1.12199997492135e+01
   6.66666713232796e-02  -1.18101440526330e-01   1.12499997485429e+01
   6.66666713232796e-02  -1.18850074881440e-01   1.12799997478724e+01
   6.66666713232796e-02  -1.19589172493178e-01   1.13099997472018e+01
   6.66666713232796e-02  -1.20320322818762e-01   1.13399997465312e+01
   6.66666713232796e-02  -1.21056241516038e-01   1.13699997458607e+01
   6.66666713232796e-02  -1.21776265641020e-01   1.13999997451901e+01
   6.66666713232796e-02  -1.22501058137690e-01   1.14299997445196e+01
   6.66666713232796e-02  -1.23216313890982e-01   1.14599997438490e+01
   6.66666713232796e-02  -1.23923622358123e-01   1.14899997431785e+01
   6.66666713232796e-02  -1.24634109739729e-01   1.15199997425079e+01
   6.66666713232796e-02  -1.25330292006267e-01   1.15499997418374e+01
   6.66666713232796e-02  -1.26032832101718e-01   1.15799997411668e+01
   6.66666713232796e-02  -1.26722656539344e-01   1.16099997404963e+01
   6.66666713232796e-02  -1.27402944233583e-01   1.16399997398257e+01
   6.66666713232796e-02  -1.28091179213969e-01   1.16699997391552e+01
   6.66666713232796e-02  -1.28761930164837e-01   1.16999997384846e+01
   6.66666713232796e-02  -1.29437449487391e-01   1.17299997378141e+01
   6.66666713232796e-02  -1.30097074237649e-01   1.17599997371435e+01
   6.66666713232796e-02  -1.30764646274056e-01   1.17899997364730e+01
   6.66666713232796e-02  -1.31419502652623e-01   1.18199997358024e+01
   6.66666713232796e-02  -1.32066411745046e-01   1.18499997351319e+01
   6.66666713232796e-02  -1.32714910294696e-01   1.18799997344613e+01
   6.66666713232796e-02  -1.33350693186513e-01   1.19099997337908e+01
   6.66666713232796e-02  -1.33989654992787e-01   1.19399997331202e+01
   6.66666713232796e-02  -1.34620669512912e-01   1.19699997324497e+01
   6.66666713232796e-02  -1.35238968375203e-01   1.19999997317791e+01
   6.66666713232796e-02  -1.35862035609181e-01   1.20299997311085e+01
   6.66666713232796e-02  -1.36470797728094e-01   1.20599997304380e+01
   6.66666713232796e-02  -1.37084328218696e-01   1.20899997297674e+01
   6.66666713232796e-02  -1.37686732508691e-01   1.21199997290969e+01
   6.66666713232796e-02  -1.38279600055309e-01   1.21499997284263e+01
   6.66666713232796e-02  -1.38875646516385e-01   1.21799997277558e+01
   6.66666713232796e-02  -1.39457387862394e-01   1.22099997270852e+01
   6.66666713232796e-02  -1.40042308122866e-01   1.22399997264147e+01
   6.66666713232796e-02  -1.40617691639958e-01   1.22699997257441e+01
   6.66666713232796e-02  -1.41181948956442e-01   1.22999997250736e+01
   6.66666713232796e-02  -1.41752564101848e-01   1.23299997244030e+01
   6.66666713232796e-02  -1.42305695217726e-01   1.23599997237325e+01
   6.66666713232796e-02  -1.42862005248065e-01   1.23899997230619e+01
   6.66666713232796e-02  -1.43405599620568e-01   1.24199997223914e+01
   6.66666713232796e-02  -1.43952372907527e-01   1.24499997217208e+01
   6.66666713232796e-02  -1.44488019993882e-01   1.24799997210503e+01
   6.66666713232796e-02  -1.45012540879630e-01   1.25099997203797e+01
   6.66666713232796e-02  -1.45542624865680e-01   1.25399997197092e+01
   6.66666713232796e-02  -1.46055224822206e-01   1.25699997190386e+01
   6.66666713232796e-02  -1.46574977336264e-01   1.25999997183681e+01
   6.66666713232796e-02  -1.47081219463873e-01   1.26299997176975e+01
   6.66666713232796e-02  -1.47577130119488e-01   1.26599997170269e+01
   6.66666713232796e-02  -1.48078603875408e-01   1.26899997163564e+01
   6.66666713232796e-02  -1.48562593601801e-01   1.27199997156858e+01
   6.66666713232796e-02  -1.49052146428498e-01   1.27499997150153e+01
   6.66666713232796e-02  -1.49529778325975e-01   1.27799997143447e+01
   6.66666713232796e-02  -1.49996284022845e-01   1.28099997136742e+01
   6.66666713232796e-02  -1.50467558091402e-01   1.28399997130036e+01
   6.66666713232796e-02  -1.50922937587665e-01   1.28699997123331e+01
   6.66666713232796e-02  -1.51382290727001e-01   1.28999997116625e+01
   6.66666713232796e-02  -1.51830517665730e-01   1.29299997109920e+01
   6.66666713232796e-02  -1.52267618403853e-01   1.29599997103214e+01
   6.66666713232796e-02  -1.52709487513665e-01   1.29899997096509e+01
   6.66666713232796e-02  -1.53133077865337e-01   1.30199997089803e+01
   6.66666713232796e-02  -1.53563820774540e-01   1.30499997083098e+01
   6.66666713232796e-02  -1.53975490196992e-01   1.30799997076392e+01
   6.66666713232796e-02  -1.54394312176975e-01   1.31099997069687e+01
   6.66666713232796e-02  -1.54799623770507e-01   1.31399997062981e+01
   6.66666713232796e-02  -1.55193809163431e-01   1.31699997056276e+01
   6.66666713232796e-02  -1.55592762928047e-01   1.31999997049570e+01
   6.66666713232796e-02  -1.55975027391749e-01   1.32299997042865e+01
   6.66666713232796e-02  -1.56362060227141e-01   1.32599997036159e+01
   6.66666713232796e-02  -1.56737172133314e-01   1.32899997029454e+01
   6.66666713232796e-02  -1.57100363110263e-01   1.33199997022748e+01
   6.66666713232796e-02  -1.57469117187515e-01   1.33499997016042e+01
   6.66666713232796e-02  -1.57820387235242e-01   1.33799997009337e+01
   6.66666713232796e-02  -1.58175630926045e-01   1.34099997002631e+01
   6.66666713232796e-02  -1.58520543144854e-01   1.34399996995926e+01
   6.66666713232796e-02  -1.58851944977212e-01   1.34699996989220e+01
   6.66666713232796e-02  -1.59190499367105e-01   1.34999996982515e+01
   6.66666713232796e-02  -1.59508390813012e-01   1.35299996975809e+01
   6.66666713232796e-02  -1.59834229545066e-01   1.35599996969104e+01
   6.66666713232796e-02  -1.60147352619286e-01   1.35899996962398e+01
   6.66666713232796e-02  -1.60446965307053e-01   1.36199996955693e+01
   6.66666713232796e-02  -1.60753730552354e-01   1.36499996948987e+01
   6.66666713232796e-02  -1.61040627582287e-01   1.36799996942282e+01
   6.66666713232796e-02  -1.61334677169750e-01   1.37099996935576e+01
   6.66666713232796e-02  -1.61608858541845e-01   1.37399996928871e+01
   6.66666713232796e-02  -1.61890192471474e-01   1.37699996922165e+01
   6.66666713232796e-02  -1.62158413378958e-01   1.37999996915460e+01
   6.66666713232796e-02  -1.62413918628607e-01   1.38299996908754e+01
   6.66666713232796e-02  -1.62675384342865e-01   1.38599996902049e+01
   6.66666713232796e-02  -1.62918173934678e-01   1.38899996895343e+01
   6.66666713232796e-02  -1.63166923991099e-01   1.39199996888638e+01
   6.66666713232796e-02  -1.63402958389687e-01   1.39499996881932e+01
   6.66666713232796e-02  -1.63626674494744e-01   1.39799996875226e+01
   6.66666713232796e-02  -1.63855953700104e-01   1.40099996868521e+01
   6.66666713232796e-02  -1.64066556783018e-01   1.40399996861815e+01
   6.66666713232796e-02  -1.64282722966236e-01   1.40699996855110e+01
   6.66666713232796e-02  -1.64486570855923e-01   1.40999996848404e+01
   6.66666713232796e-02  -1.64677703087775e-01   1.41299996841699e+01
   6.66666713232796e-02  -1.64874795784238e-01   1.41599996834993e+01
   6.66666713232796e-02  -1.65052814993946e-01   1.41899996828288e+01
   6.66666713232796e-02  -1.65236397303958e-01   1.42199996821582e+01
   6.66666713232796e-02  -1.65401700855829e-01   1.42499996814877e+01
   6.66666713232796e-02  -1.65572567508005e-01   1.42799996808171e+01
   6.66666713232796e-02  -1.65731115866652e-01   1.43099996801466e+01
   6.66666713232796e-02  -1.65875756474539e-01   1.43399996794760e+01
   6.66666713232796e-02  -1.66027549639960e-01   1.43699996788055e+01
   6.66666713232796e-02  -1.66159474590012e-01   1.43999996781349e+01
   6.66666713232796e-02  -1.66298154733288e-01   1.44299996774644e+01
   6.66666713232796e-02  -1.66423125807961e-01   1.44599996767938e+01
   6.66666713232796e-02  -1.66535778589105e-01   1.44899996761233e+01
   6.66666713232796e-02  -1.66654391834859e-01   1.45199996754527e+01
   6.66666713232796e-02  -1.66753732911705e-01   1.45499996747822e+01
   6.66666713232796e-02  -1.66859034453162e-01   1.45799996741116e+01
   6.66666713232796e-02  -1.66951421654629e-01   1.46099996734411e+01
   6.66666713232796e-02  -1.67031093198260e-01   1.46399996727705e+01
   6.66666713232796e-02  -1.67116725206501e-01   1.46699996720999e+01
   6.66666713232796e-02  -1.67183085045834e-01   1.46999996714294e+01
   6.66666713232796e-02  -1.67255604031931e-01   1.47299996707588e+01
   6.66666713232796e-02  -1.67315109336962e-01   1.47599996700883e+01
   6.66666713232796e-02  -1.67361600960926e-01   1.47899996694177e+01
   6.66666713232796e-02  -1.67414152390578e-01   1.48199996687472e+01
   6.66666713232796e-02  -1.67447630333475e-01   1.48499996680766e+01
   6.66666713232796e-02  -1.67486919729368e-01   1.48799996674061e+01
   6.66666713232796e-02  -1.67507085967967e-01   1.49099996667355e+01
   6.66666713232796e-02  -1.67533287176986e-01   1.49399996660650e+01
   6.66666713232796e-02  -1.67546511957841e-01   1.49699996653944e+01
   6.66666713232796e-02  -1.67546757069321e-01   1.49999996647239e+01
   6.66666713232796e-02  -1.67553121380663e-01   1.50299996640533e+01
   6.66666713232796e-02  -1.67540154128922e-01   1.50599996633828e+01
   6.66666713232796e-02  -1.67533287176986e-01   1.50899996627122e+01
   6.66666713232796e-02  -1.67513394126347e-01   1.51199996620417e+01
   6.66666713232796e-02  -1.67480611570988e-01   1.51499996613711e+01
   6.66666713232796e-02  -1.67453988162393e-01   1.51799996607006e+01
   6.66666713232796e-02  -1.67407794561660e-01   1.52099996600300e+01
   6.66666713232796e-02  -1.67367958789844e-01   1.52399996593595e+01
   6.66666713232796e-02  -1.67315109336962e-01   1.52699996586889e+01
   6.66666713232796e-02  -1.67249146861936e-01   1.52999996580184e+01
   6.66666713232796e-02  -1.67189442874752e-01   1.53299996573478e+01
   6.66666713232796e-02  -1.67110367377583e-01   1.53599996566772e+01
   6.66666713232796e-02  -1.67037451027178e-01   1.53899996560067e+01
   6.66666713232796e-02  -1.66951620336782e-01   1.54199996553361e+01
   6.66666713232796e-02  -1.66852676624244e-01   1.54499996546656e+01
   6.66666713232796e-02  -1.66759892058469e-01   1.54799996539950e+01
   6.66666713232796e-02  -1.66648034005941e-01   1.55099996533245e+01
   6.66666713232796e-02  -1.66542136418023e-01   1.55399996526539e+01
   6.66666713232796e-02  -1.66416966661197e-01   1.55699996519834e+01
   6.66666713232796e-02  -1.66297757368981e-01   1.55999996513128e+01
   6.66666713232796e-02  -1.66165832418930e-01   1.56299996506423e+01
   6.66666713232796e-02  -1.66021191811042e-01   1.56599996499717e+01
   6.66666713232796e-02  -1.65882511667765e-01   1.56899996493012e+01
   6.66666713232796e-02  -1.65724360673426e-01   1.57199996486306e+01
   6.66666713232796e-02  -1.65572567508005e-01   1.57499996479601e+01
   6.66666713232796e-02  -1.65408058684747e-01   1.57799996472895e+01
   6.66666713232796e-02  -1.65230436839347e-01   1.58099996466190e+01
   6.66666713232796e-02  -1.65058775458556e-01   1.58399996459484e+01
   6.66666713232796e-02  -1.64868437955320e-01   1.58699996452779e+01
   6.66666713232796e-02  -1.64684060916694e-01   1.58999996446073e+01
   6.66666713232796e-02  -1.64486570855924e-01   1.59299996439368e+01
   6.66666713232796e-02  -1.64276762501624e-01   1.59599996432662e+01
   6.66666713232796e-02  -1.64072517247629e-01   1.59899996425956e+01
   6.66666713232796e-02  -1.63849595871187e-01   1.60199996419251e+01
   6.66666713232796e-02  -1.63633032323662e-01   1.60499996412545e+01
   6.66666713232796e-02  -1.63402958389686e-01   1.60799996405840e+01
   6.66666713232796e-02  -1.63160566162181e-01   1.61099996399134e+01
   6.66666713232796e-02  -1.62924531763596e-01   1.61399996392429e+01
   6.66666713232796e-02  -1.62669423878254e-01   1.61699996385723e+01
   6.66666713232796e-02  -1.62419879093217e-01   1.61999996379018e+01
   6.66666713232796e-02  -1.62152452914347e-01   1.62299996372312e+01
   6.66666713232796e-02  -1.61889397742859e-01   1.62599996365607e+01
   6.66666713232796e-02  -1.61616011099379e-01   1.62899996358901e+01
   6.66666713232796e-02  -1.61328319340833e-01   1.63199996352196e+01
   6.66666713232796e-02  -1.61046985411203e-01   1.63499996345490e+01
   6.66666713232796e-02  -1.60746577994822e-01   1.63799996338785e+01
   6.66666713232796e-02  -1.60453323135971e-01   1.64099996332079e+01
   6.66666713232796e-02  -1.60147352619285e-01   1.64399996325374e+01
   6.66666713232796e-02  -1.59827871716149e-01   1.64699996318668e+01
   6.66666713232796e-02  -1.59515543370545e-01   1.64999996311963e+01
   6.66666713232796e-02  -1.59183346809571e-01   1.65299996305257e+01
   6.66666713232796e-02  -1.58858302806131e-01   1.65599996298552e+01
   6.66666713232796e-02  -1.58520543144854e-01   1.65899996291846e+01
   6.66666713232796e-02  -1.58170067825740e-01   1.66199996285141e+01
   6.66666713232796e-02  -1.57825950335547e-01   1.66499996278435e+01
   6.66666713232796e-02  -1.57462759358596e-01   1.66799996271729e+01
   6.66666713232796e-02  -1.57106720939181e-01   1.67099996265024e+01
   6.66666713232796e-02  -1.56737172133312e-01   1.67399996258318e+01
   6.66666713232796e-02  -1.56356497126840e-01   1.67699996251613e+01
   6.66666713232796e-02  -1.55980590492052e-01   1.67999996244907e+01
   6.66666713232796e-02  -1.55587199827742e-01   1.68299996238202e+01
   6.66666713232796e-02  -1.55199372263736e-01   1.68599996231496e+01
   6.66666713232796e-02  -1.54794060670204e-01   1.68899996224791e+01
   6.66666713232796e-02  -1.54393517448359e-01   1.69199996218085e+01
   6.66666713232796e-02  -1.53981848025909e-01   1.69499996211380e+01
   6.66666713232796e-02  -1.53557462945623e-01   1.69799996204674e+01
   6.66666713232796e-02  -1.53139435694256e-01   1.70099996197969e+01
   6.66666713232796e-02  -1.52703129684747e-01   1.70399996191263e+01
   6.66666713232796e-02  -1.52273181504156e-01   1.70699996184558e+01
   6.66666713232796e-02  -1.51830517665730e-01   1.70999996177852e+01
   6.66666713232796e-02  -1.51376727626698e-01   1.71299996171147e+01
   6.66666713232796e-02  -1.50928500687968e-01   1.71599996164441e+01
   6.66666713232796e-02  -1.50461994991099e-01   1.71899996157736e+01
   6.66666713232796e-02  -1.50002641851762e-01   1.72199996151030e+01
   6.66666713232796e-02  -1.49529778325976e-01   1.72499996144325e+01
   6.66666713232796e-02  -1.49045788599579e-01   1.72799996137619e+01
   6.66666713232796e-02  -1.48568156702106e-01   1.73099996130913e+01
   6.66666713232796e-02  -1.48073040775103e-01   1.73399996124208e+01
   6.66666713232796e-02  -1.47582693219791e-01   1.73699996117502e+01
   6.66666713232796e-02  -1.47075656363570e-01   1.73999996110797e+01
   6.66666713232796e-02  -1.46574977336264e-01   1.74299996104091e+01
   6.66666713232796e-02  -1.46060787922509e-01   1.74599996097386e+01
   6.66666713232796e-02  -1.45537061765377e-01   1.74899996090680e+01
   6.66666713232796e-02  -1.45018103979933e-01   1.75199996083975e+01
   6.66666713232796e-02  -1.44483251622193e-01   1.75499996077269e+01
   6.66666713232796e-02  -1.43952372907529e-01   1.75799996070564e+01
   6.66666713232796e-02  -1.43410367992255e-01   1.76099996063858e+01
   6.66666713232796e-02  -1.42857236876375e-01   1.76399996057153e+01
   6.66666713232796e-02  -1.42310463589416e-01   1.76699996050447e+01
   6.66666713232796e-02  -1.41746206272930e-01   1.76999996043742e+01
   6.66666713232796e-02  -1.41188306785363e-01   1.77299996037036e+01
   6.66666713232796e-02  -1.40617691639956e-01   1.77599996030331e+01
   6.66666713232796e-02  -1.40037539751177e-01   1.77899996023625e+01
   6.66666713232796e-02  -1.39462156234085e-01   1.78199996016920e+01
   6.66666713232796e-02  -1.38870878144696e-01   1.78499996010214e+01
   6.66666713232796e-02  -1.38282778969767e-01   1.78799996003509e+01
   6.66666713232796e-02  -1.37686732508691e-01   1.79099995996803e+01
   6.66666713232796e-02  -1.37079559847006e-01   1.79399995990098e+01
   6.66666713232796e-02  -1.36475566099784e-01   1.79699995983392e+01
   6.66666713232796e-02  -1.35858856694722e-01   1.79999995976686e+01
   6.66666713232796e-02  -1.35243736746890e-01   1.80299995969981e+01
   6.66666713232796e-02  -1.34614311683996e-01   1.80599995963275e+01
   6.66666713232796e-02  -1.33989654992787e-01   1.80899995956570e+01
   6.66666713232796e-02  -1.33355461558201e-01   1.81199995949864e+01
   6.66666713232796e-02  -1.32711731380238e-01   1.81499995943159e+01
   6.66666713232796e-02  -1.32069590659505e-01   1.81799995936453e+01
   6.66666713232796e-02  -1.31414734280936e-01   1.82099995929748e+01
   6.66666713232796e-02  -1.30764646274055e-01   1.82399995923042e+01
   6.66666713232796e-02  -1.30103432066565e-01   1.82699995916337e+01
   6.66666713232796e-02  -1.29432681115701e-01   1.82999995909631e+01
   6.66666713232796e-02  -1.28765109079299e-01   1.83299995902926e+01
   6.66666713232796e-02  -1.28086410842284e-01   1.83599995896220e+01
   6.66666713232796e-02  -1.27409302062499e-01   1.83899995889515e+01
   6.66666713232796e-02  -1.26722656539340e-01   1.84199995882809e+01
   6.66666713232796e-02  -1.26026474272805e-01   1.84499995876104e+01
   6.66666713232796e-02  -1.25335060377953e-01   1.84799995869398e+01
   6.66666713232796e-02  -1.24629341368040e-01   1.85099995862693e+01
   6.66666713232796e-02  -1.23928390729812e-01   1.85399995855987e+01
   6.66666713232796e-02  -1.23216313890982e-01   1.85699995849282e+01
   6.66666713232796e-02  -1.22497879223228e-01   1.85999995842576e+01
   6.66666713232796e-02  -1.21779444555482e-01   1.86299995835871e+01
   6.66666713232796e-02  -1.21051473144349e-01   1.86599995829165e+01
   6.66666713232796e-02  -1.20325091190451e-01   1.86899995822459e+01
   6.66666713232796e-02  -1.19584404121489e-01   1.87199995815754e+01
   6.66666713232796e-02  -1.18850074881440e-01   1.87499995809048e+01
   6.66666713232796e-02  -1.18106208898019e-01   1.87799995802343e+01
   6.66666713232796e-02  -1.17351216713985e-01   1.88099995795637e+01
   6.66666713232796e-02  -1.16604171816106e-01   1.88399995788932e+01
   6.66666713232796e-02  -1.15839642888697e-01   1.88699995782226e+01
   6.66666713232796e-02  -1.15081471790208e-01   1.88999995775521e+01
   6.66666713232796e-02  -1.14315353405568e-01   1.89299995768815e+01
   6.66666713232796e-02  -1.13536519363099e-01   1.89599995762110e+01
   6.66666713232796e-02  -1.12767222064000e-01   1.89899995755404e+01
   6.66666713232796e-02  -1.11980440735379e-01   1.90199995748699e+01
   6.66666713232796e-02  -1.11200017235678e-01   1.90499995741993e+01
   6.66666713232796e-02  -1.10410056992599e-01   1.90799995735288e+01
   6.66666713232796e-02  -1.09615328377826e-01   1.91099995728582e+01
   6.66666713232796e-02  -1.08809473562452e-01   1.91399995721877e+01
   6.66666713232796e-02  -1.08014744947683e-01   1.91699995715171e+01
   6.66666713232796e-02  -1.07207300675081e-01   1.91999995708466e+01
   6.66666713232796e-02  -1.06396677488013e-01   1.92299995701760e+01
   6.66666713232796e-02  -1.05581285929263e-01   1.92599995695055e+01
   6.66666713232796e-02  -1.04754768169900e-01   1.92899995688349e+01
   6.66666713232796e-02  -1.03937787153923e-01   1.93199995681643e+01
   6.66666713232796e-02  -1.03111269394559e-01   1.93499995674938e+01
   6.66666713232796e-02  -1.02278393806283e-01   1.93799995668232e+01
   6.66666713232796e-02  -1.01442339303545e-01   1.94099995661527e+01
   6.66666713232796e-02  -1.00595158600201e-01   1.94399995654821e+01
   6.66666713232796e-02  -9.97591040974663e-02   1.94699995648116e+01
   6.66666713232796e-02  -9.89103339368910e-02   1.94999995641410e+01
   6.66666713232796e-02  -9.80599743190921e-02   1.95299995634705e+01
   6.66666713232796e-02  -9.72032568723691e-02   1.95599995627999e+01
   6.66666713232796e-02  -9.63370026822712e-02   1.95899995621294e+01
   6.66666713232796e-02  -9.54818746927792e-02   1.96199995614588e+01
   6.66666713232796e-02  -9.46140310454539e-02   1.96499995607883e+01
   6.66666713232796e-02  -9.37430084836629e-02   1.96799995601177e+01
   6.66666713232796e-02  -9.28624491785043e-02   1.97099995594472e+01
   6.66666713232796e-02  -9.19898371594860e-02   1.97399995587766e+01
   6.66666713232796e-02  -9.11092778543199e-02   1.97699995581061e+01
   6.66666713232796e-02  -9.02239501774720e-02   1.97999995574355e+01
   6.66666713232796e-02  -8.93354435861582e-02   1.98299995567650e+01
   6.66666713232796e-02  -8.84358107942385e-02   1.98599995560944e+01
   6.66666713232796e-02  -8.75473042029285e-02   1.98899995554239e+01
   6.66666713232796e-02  -8.66460819537814e-02   1.99199995547533e+01
   6.66666713232796e-02  -8.57448597046344e-02   1.99499995540828e+01
   6.66666713232796e-02  -8.48388690837943e-02   1.99799995534122e+01
   6.66666713232796e-02  -8.39217522623555e-02   2.00099995527416e+01
   6.66666713232796e-02  -8.30173510987465e-02   2.00399995520711e+01
   6.66666713232796e-02  -8.20986448200730e-02   2.00699995514005e+01
   6.66666713232796e-02  -8.11815279986306e-02   2.00999995507300e+01
   6.66666713232796e-02  -8.02580533482678e-02   2.01299995500594e+01
   6.66666713232796e-02  -7.93266314117610e-02   2.01599995493889e+01
   6.66666713232796e-02  -7.84031567613982e-02   2.01899995487183e+01
   6.66666713232796e-02  -7.74717348248914e-02   2.02199995480478e+01
   6.66666713232796e-02  -7.65355445166916e-02   2.02499995473772e+01
   6.66666713232796e-02  -7.55993542084954e-02   2.02799995467067e+01
   6.66666713232796e-02  -7.46504482424585e-02   2.03099995460361e+01
   6.66666713232796e-02  -7.37142579342661e-02   2.03399995453656e+01
   6.66666713232796e-02  -7.27669414254565e-02   2.03699995446950e+01
   6.66666713232796e-02  -7.18164460021961e-02   2.03999995440245e+01
   6.66666713232796e-02  -7.08643611217008e-02   2.04299995433539e+01
   6.66666713232796e-02  -6.99043289550616e-02   2.04599995426834e+01
   6.66666713232796e-02  -6.89506546173391e-02   2.04899995420128e+01
   6.66666713232796e-02  -6.79890329934689e-02   2.05199995413423e+01
   6.66666713232796e-02  -6.70274113695987e-02   2.05499995406717e+01
   6.66666713232796e-02  -6.60594319168118e-02   2.05799995400012e+01
   6.66666713232796e-02  -6.50866840923318e-02   2.06099995393306e+01
   6.66666713232796e-02  -6.41202940967760e-02   2.06399995386600e+01
   6.66666713232796e-02  -6.31459568150687e-02   2.06699995379895e+01
   6.66666713232796e-02  -6.21700300761304e-02   2.06999995373189e+01
   6.66666713232796e-02  -6.11909244227375e-02   2.07299995366484e+01
   6.66666713232796e-02  -6.02054609404242e-02   2.07599995359778e+01
   6.66666713232796e-02  -5.92263552870276e-02   2.07899995353073e+01
   6.66666713232796e-02  -5.82393023474870e-02   2.08199995346367e+01
   6.66666713232796e-02  -5.72522494079427e-02   2.08499995339662e+01
   6.66666713232796e-02  -5.62572491822507e-02   2.08799995332956e+01
   6.66666713232796e-02  -5.52686067854791e-02   2.09099995326251e+01
   6.66666713232796e-02  -5.42736065597908e-02   2.09399995319545e+01
   6.66666713232796e-02  -5.32754274196405e-02   2.09699995312840e+01
   6.66666713232796e-02  -5.22772482794902e-02   2.09999995306134e+01
   6.66666713232796e-02  -5.12727113104195e-02   2.10299995299429e+01
   6.66666713232796e-02  -5.02729427130455e-02   2.10599995292723e+01
   6.66666713232796e-02  -4.92684057439748e-02   2.10899995286018e+01
   6.66666713232796e-02  -4.82591004032185e-02   2.11199995279312e+01
   6.66666713232796e-02  -4.72513845196932e-02   2.11499995272607e+01
   6.66666713232796e-02  -4.62373108072475e-02   2.11799995265901e+01
   6.66666713232796e-02  -4.52280054664911e-02   2.12099995259196e+01
   6.66666713232796e-02  -4.42123422968181e-02   2.12399995252490e+01
   6.66666713232796e-02  -4.31966791271414e-02   2.12699995245785e+01
   6.66666713232796e-02  -4.21794265002373e-02   2.12999995239079e+01
   6.66666713232796e-02  -4.11542265871856e-02   2.13299995232373e+01
   6.66666713232796e-02  -4.01385634175126e-02   2.13599995225668e+01
   6.66666713232796e-02  -3.91149529616882e-02   2.13899995218962e+01
   6.66666713232796e-02  -3.80897530486402e-02   2.14199995212257e+01
   6.66666713232796e-02  -3.70645531355847e-02   2.14499995205551e+01
   6.66666713232796e-02  -3.60329953936164e-02   2.14799995198846e+01
   6.66666713232796e-02  -3.50093849377957e-02   2.15099995192140e+01
   6.66666713232796e-02  -3.39778271958236e-02   2.15399995185435e+01
   6.66666713232796e-02  -3.29462694538552e-02   2.15699995178729e+01
   6.66666713232796e-02  -3.19131222546558e-02   2.15999995172024e+01
   6.66666713232796e-02  -3.08767961409943e-02   2.16299995165318e+01
   6.66666713232796e-02  -2.98436489417986e-02   2.16599995158613e+01
   6.66666713232796e-02  -2.88073228281372e-02   2.16899995151907e+01
   6.66666713232796e-02  -2.77694072572521e-02   2.17199995145202e+01
   6.66666713232796e-02  -2.67314916863633e-02   2.17499995138496e+01
   6.66666713232796e-02  -2.56888077437852e-02   2.17799995131791e+01
   6.66666713232796e-02  -2.46508921728964e-02   2.18099995125085e+01
   6.66666713232796e-02  -2.36082082303220e-02   2.18399995118380e+01
   6.66666713232796e-02  -2.25655242877439e-02   2.18699995111674e+01
   6.66666713232796e-02  -2.15228403451695e-02   2.18999995104969e+01
   6.66666713232796e-02  -2.04753880309020e-02   2.19299995098263e+01
   6.66666713232796e-02  -1.94327040883276e-02   2.19599995091558e+01
   6.66666713232796e-02  -1.83868412312875e-02   2.19899995084852e+01
   6.66666713232796e-02  -1.73393889170274e-02   2.20199995078146e+01
   6.66666713232796e-02  -1.62919366027599e-02   2.20499995071441e+01
   6.66666713232796e-02  -1.52428948312651e-02   2.20799995064735e+01
   6.66666713232796e-02  -1.41954425169977e-02   2.21099995058030e+01
   6.66666713232796e-02  -1.31464007455066e-02   2.21399995051324e+01
   6.66666713232796e-02  -1.20957695167808e-02   2.21699995044619e+01
   6.66666713232796e-02  -1.10451382880550e-02   2.21999995037913e+01
   6.66666713232796e-02  -9.99609651656390e-03   2.22299995031208e+01
   6.66666713232796e-02  -8.94387583060708e-03   2.22599995024502e+01
   6.66666713232796e-02  -7.89324460188497e-03   2.22899995017797e+01
   6.66666713232796e-02  -6.84102391592815e-03   2.23199995011091e+01
   6.66666713232796e-02  -5.78721377274772e-03   2.23499995004386e+01
   6.66666713232796e-02  -4.73817200124923e-03   2.23799994997680e+01
   6.66666713232796e-02  -3.68436185806879e-03   2.24099994990975e+01
   6.66666713232796e-02  -2.63055171488465e-03   2.24399994984269e+01
   6.66666713232796e-02  -1.57992048615885e-03   2.24699994977564e+01
   6.66666713232796e-02  -5.26110342978411e-04   2.24999994970858e+01
   6.66666713232796e-02   5.26110342978411e-04   2.25299994964153e+01
   6.66666713232796e-02   1.57992048615885e-03   2.25599994957447e+01
   6.66666713232796e-02   2.63214117211567e-03   2.25899994950742e+01
   6.66666713232796e-02   3.68436185806509e-03   2.26199994944036e+01
   6.66666713232796e-02   4.73658254402191e-03   2.26499994937330e+01
   6.66666713232796e-02   5.78880322997873e-03   2.26799994930625e+01
   6.66666713232796e-02   6.84102391592815e-03   2.27099994923919e+01
   6.66666713232796e-02   7.89324460188497e-03   2.27399994917214e+01
   6.66666713232796e-02   8.94387583060708e-03   2.27699994910508e+01
   6.66666713232796e-02   9.99450705933288e-03   2.27999994903803e+01
   6.66666713232796e-02   1.10467277452860e-02   2.28299994897097e+01
   6.66666713232796e-02   1.20957695167808e-02   2.28599994890392e+01
   6.66666713232796e-02   1.31464007455029e-02   2.28899994883686e+01
   6.66666713232796e-02   1.41954425170014e-02   2.29199994876981e+01
   6.66666713232796e-02   1.52428948312651e-02   2.29499994870275e+01
   6.66666713232796e-02   1.62919366027599e-02   2.29799994863570e+01
   6.66666713232796e-02   1.73393889170237e-02   2.30099994856864e+01
   6.66666713232796e-02   1.83868412312912e-02   2.30399994850159e+01
   6.66666713232796e-02   1.94327040883276e-02   2.30699994843453e+01
   6.66666713232796e-02   2.04753880309020e-02   2.30999994836748e+01
   6.66666713232796e-02   2.15228403451658e-02   2.31299994830042e+01
   6.66666713232796e-02   2.25655242877476e-02   2.31599994823337e+01
   6.66666713232796e-02   2.36097976875493e-02   2.31899994816631e+01
   6.66666713232796e-02   2.46493027156691e-02   2.32199994809926e+01
   6.66666713232796e-02   2.56903972010162e-02   2.32499994803220e+01
   6.66666713232796e-02   2.67299022291323e-02   2.32799994796515e+01
   6.66666713232796e-02   2.77694072572484e-02   2.33099994789809e+01
   6.66666713232796e-02   2.88089122853682e-02   2.33399994783103e+01
   6.66666713232796e-02   2.98436489417986e-02   2.33699994776398e+01
   6.66666713232796e-02   3.08767961409980e-02   2.33999994769692e+01
   6.66666713232796e-02   3.19131222546521e-02   2.34299994762987e+01
   6.66666713232796e-02   3.29462694538552e-02   2.34599994756281e+01
   6.66666713232796e-02   3.39778271958236e-02   2.34899994749576e+01
   6.66666713232796e-02   3.50062060233373e-02   2.35199994742870e+01
   6.66666713232796e-02   3.60361743080747e-02   2.35499994736165e+01
   6.66666713232796e-02   3.70645531355847e-02   2.35799994729459e+01
   6.66666713232796e-02   3.80897530486402e-02   2.36099994722754e+01
   6.66666713232796e-02   3.91149529616882e-02   2.36399994716048e+01
   6.66666713232796e-02   4.01353845030543e-02   2.36699994709343e+01
   6.66666713232796e-02   4.11589949588750e-02   2.36999994702637e+01
   6.66666713232796e-02   4.21778370430063e-02   2.37299994695932e+01
   6.66666713232796e-02   4.31966791271451e-02   2.37599994689226e+01
   6.66666713232796e-02   4.42139317540454e-02   2.37899994682521e+01
   6.66666713232796e-02   4.52232370948018e-02   2.38199994675815e+01
   6.66666713232796e-02   4.62404897217058e-02   2.38499994669110e+01
   6.66666713232796e-02   4.72513845196932e-02   2.38799994662404e+01
   6.66666713232796e-02   4.82606898604495e-02   2.39099994655699e+01
   6.66666713232796e-02   4.92668162867438e-02   2.39399994648993e+01
   6.66666713232796e-02   5.02697637985872e-02   2.39699994642287e+01
   6.66666713232796e-02   5.12758902248815e-02   2.39999994635582e+01
   6.66666713232796e-02   5.22772482794902e-02   2.40299994628876e+01
   6.66666713232796e-02   5.32770168768678e-02   2.40599994622171e+01
   6.66666713232796e-02   5.42736065597908e-02   2.40899994615465e+01
   6.66666713232796e-02   5.52638384137897e-02   2.41199994608760e+01
   6.66666713232796e-02   5.62620175539401e-02   2.41499994602054e+01
   6.66666713232796e-02   5.72522494079427e-02   2.41799994595349e+01
   6.66666713232796e-02   5.82393023474870e-02   2.42099994588643e+01
   6.66666713232796e-02   5.92263552870276e-02   2.42399994581938e+01
   6.66666713232796e-02   6.02054609404242e-02   2.42699994575232e+01
   6.66666713232796e-02   6.11909244227375e-02   2.42999994568527e+01
   6.66666713232796e-02   6.21700300761304e-02   2.43299994561821e+01
   6.66666713232796e-02   6.31459568150687e-02   2.43599994555116e+01
   6.66666713232796e-02   6.41202940967723e-02   2.43899994548410e+01
   6.66666713232796e-02   6.50866840923355e-02   2.44199994541705e+01
   6.66666713232796e-02   6.60610213740391e-02   2.44499994534999e+01
   6.66666713232796e-02   6.70258219123676e-02   2.44799994528294e+01
   6.66666713232796e-02   6.79906224506999e-02   2.45099994521588e+01
   6.66666713232796e-02   6.89506546173391e-02   2.45399994514883e+01
   6.66666713232796e-02   6.99027394978306e-02   2.45699994508177e+01
   6.66666713232796e-02   7.08643611217045e-02   2.45999994501472e+01
   6.66666713232796e-02   7.18180354594234e-02   2.46299994494766e+01
   6.66666713232796e-02   7.27669414254603e-02   2.46599994488060e+01
   6.66666713232796e-02   7.37079001053457e-02   2.46899994481355e+01
   6.66666713232796e-02   7.46568060713789e-02   2.47199994474649e+01
   6.66666713232796e-02   7.55993542084917e-02   2.47499994467944e+01
   6.66666713232796e-02   7.65355445166953e-02   2.47799994461238e+01
   6.66666713232796e-02   7.74717348248877e-02   2.48099994454533e+01
   6.66666713232796e-02   7.83983883897125e-02   2.48399994447827e+01
   6.66666713232796e-02   7.93313997834467e-02   2.48699994441122e+01
   6.66666713232796e-02   8.02580533482715e-02   2.48999994434416e+01
   6.66666713232796e-02   8.11815279986306e-02   2.49299994427711e+01
   6.66666713232796e-02   8.21002342773003e-02   2.49599994421005e+01
   6.66666713232796e-02   8.30094038125988e-02   2.49899994414300e+01
   6.66666713232796e-02   8.39281100912722e-02   2.50199994407594e+01
   6.66666713232796e-02   8.48388690837980e-02   2.50499994400889e+01
   6.66666713232796e-02   8.57448597046307e-02   2.50799994394183e+01
   6.66666713232796e-02   8.66476714110125e-02   2.51099994387478e+01
   6.66666713232796e-02   8.75393569167808e-02   2.51399994380772e+01
   6.66666713232796e-02   8.84421686231589e-02   2.51699994374067e+01
   6.66666713232796e-02   8.93354435861582e-02   2.51999994367361e+01
   6.66666713232796e-02   9.02239501774682e-02   2.52299994360656e+01
   6.66666713232796e-02   9.11092778543236e-02   2.52599994353950e+01
   6.66666713232796e-02   9.19850687877966e-02   2.52899994347245e+01
   6.66666713232796e-02   9.28688070074210e-02   2.53199994340539e+01
   6.66666713232796e-02   9.37430084836629e-02   2.53499994333833e+01
   6.66666713232796e-02   9.46140310454539e-02   2.53799994327128e+01
   6.66666713232796e-02   9.54818746927792e-02   2.54099994320422e+01
   6.66666713232796e-02   9.63370026822712e-02   2.54399994313717e+01
   6.66666713232796e-02   9.72032568723691e-02   2.54699994307011e+01
   6.66666713232796e-02   9.80599743190921e-02   2.54999994300306e+01
   6.66666713232796e-02   9.89103339368910e-02   2.55299994293600e+01
   6.66666713232796e-02   9.97591040974663e-02   2.55599994286895e+01
   6.66666713232796e-02   1.00595158600201e-01   2.55899994280189e+01
   6.66666713232796e-02   1.01442339303545e-01   2.56199994273484e+01
   6.66666713232796e-02   1.02279983263514e-01   2.56499994266778e+01
   6.66666713232796e-02   1.03109679937328e-01   2.56799994260073e+01
   6.66666713232796e-02   1.03937787153923e-01   2.57099994253367e+01
   6.66666713232796e-02   1.04754768169900e-01   2.57399994246662e+01
   6.66666713232796e-02   1.05581285929263e-01   2.57699994239956e+01
   6.66666713232796e-02   1.06396677488013e-01   2.57999994233251e+01
   6.66666713232796e-02   1.07207300675081e-01   2.58299994226545e+01
   6.66666713232796e-02   1.08016334404910e-01   2.58599994219840e+01
   6.66666713232796e-02   1.08809473562455e-01   2.58899994213134e+01
   6.66666713232796e-02   1.09615328377826e-01   2.59199994206429e+01
   6.66666713232796e-02   1.10410056992595e-01   2.59499994199723e+01
   6.66666713232796e-02   1.11200017235678e-01   2.59799994193017e+01
   6.66666713232796e-02   1.11975672363693e-01   2.60099994186312e+01
   6.66666713232796e-02   1.12767222064000e-01   2.60399994179606e+01
   6.66666713232796e-02   1.13541287734784e-01   2.60699994172901e+01
   6.66666713232796e-02   1.14315353405572e-01   2.60999994166195e+01
   6.66666713232796e-02   1.15081471790208e-01   2.61299994159490e+01
   6.66666713232796e-02   1.15834874517008e-01   2.61599994152784e+01
   6.66666713232796e-02   1.16604171816102e-01   2.61899994146079e+01
   6.66666713232796e-02   1.17355985085678e-01   2.62199994139373e+01
   6.66666713232796e-02   1.18106208898015e-01   2.62499994132668e+01
   6.66666713232796e-02   1.18850074881443e-01   2.62799994125962e+01
   6.66666713232796e-02   1.19581225207027e-01   2.63099994119257e+01
   6.66666713232796e-02   1.20323501733224e-01   2.63399994112551e+01
   6.66666713232796e-02   1.21056241516038e-01   2.63699994105846e+01
   6.66666713232796e-02   1.21781034012709e-01   2.63999994099140e+01
   6.66666713232796e-02   1.22501058137687e-01   2.64299994092435e+01
   6.66666713232796e-02   1.23206777147604e-01   2.64599994085729e+01
   6.66666713232796e-02   1.23928390729816e-01   2.64899994079024e+01
   6.66666713232796e-02   1.24634109739729e-01   2.65199994072318e+01
   6.66666713232796e-02   1.25335060377953e-01   2.65499994065613e+01
   6.66666713232796e-02   1.26032832101722e-01   2.65799994058907e+01
   6.66666713232796e-02   1.26713119795961e-01   2.66099994052202e+01
   6.66666713232796e-02   1.27409302062503e-01   2.66399994045496e+01
   6.66666713232796e-02   1.28089589756742e-01   2.66699994038790e+01
   6.66666713232796e-02   1.28766698536527e-01   2.66999994032085e+01
   6.66666713232796e-02   1.29437449487391e-01   2.67299994025379e+01
   6.66666713232796e-02   1.30093895323190e-01   2.67599994018674e+01
   6.66666713232796e-02   1.30763056816824e-01   2.67899994011968e+01
   6.66666713232796e-02   1.31421092109854e-01   2.68199994005263e+01
   6.66666713232796e-02   1.32069590659505e-01   2.68499993998557e+01
   6.66666713232796e-02   1.32714910294696e-01   2.68799993991852e+01
   6.66666713232796e-02   1.33345924814824e-01   2.69099993985146e+01
   6.66666713232796e-02   1.33991244450016e-01   2.69399993978441e+01
   6.66666713232796e-02   1.34619080055683e-01   2.69699993971735e+01
   6.66666713232796e-02   1.35243736746892e-01   2.69999993965030e+01
   6.66666713232796e-02   1.35863625066410e-01   2.70299993958324e+01
   6.66666713232796e-02   1.36466029356407e-01   2.70599993951619e+01
   6.66666713232796e-02   1.37084328218696e-01   2.70899993944913e+01
   6.66666713232796e-02   1.37686732508691e-01   2.71199993938208e+01
   6.66666713232796e-02   1.38282778969767e-01   2.71499993931502e+01
   6.66666713232796e-02   1.38877235973615e-01   2.71799993924797e+01
   6.66666713232796e-02   1.39451030033477e-01   2.72099993918091e+01
   6.66666713232796e-02   1.40042308122865e-01   2.72399993911386e+01
   6.66666713232796e-02   1.40617691639958e-01   2.72699993904680e+01
   6.66666713232796e-02   1.41188306785361e-01   2.72999993897974e+01
   6.66666713232796e-02   1.41741437901242e-01   2.73299993891269e+01
   6.66666713232796e-02   1.42310463589414e-01   2.73599993884563e+01
   6.66666713232796e-02   1.42863594705296e-01   2.73899993877858e+01
   6.66666713232796e-02   1.43410367992255e-01   2.74199993871152e+01
   6.66666713232796e-02   1.43950783450298e-01   2.74499993864447e+01
   6.66666713232796e-02   1.44478483250505e-01   2.74799993857741e+01
   6.66666713232796e-02   1.45017309251317e-01   2.75099993851036e+01
   6.66666713232796e-02   1.45542624865680e-01   2.75399993844330e+01
   6.66666713232796e-02   1.46061582651124e-01   2.75699993837625e+01
   6.66666713232796e-02   1.46574182607650e-01   2.75999993830919e+01
   6.66666713232796e-02   1.47070887991881e-01   2.76299993824214e+01
   6.66666713232796e-02   1.47582693219791e-01   2.76599993817508e+01
   6.66666713232796e-02   1.48078603875406e-01   2.76899993810803e+01
   6.66666713232796e-02   1.48568156702106e-01   2.77199993804097e+01
   6.66666713232796e-02   1.49051351699884e-01   2.77499993797392e+01
   6.66666713232796e-02   1.49518652125367e-01   2.77799993790686e+01
   6.66666713232796e-02   1.50001847123148e-01   2.78099993783981e+01
   6.66666713232796e-02   1.50468352820017e-01   2.78399993777275e+01
   6.66666713232796e-02   1.50928500687968e-01   2.78699993770570e+01
   6.66666713232796e-02   1.51382290727001e-01   2.78999993763864e+01
   6.66666713232796e-02   1.51819391465124e-01   2.79299993757159e+01
   6.66666713232796e-02   1.52273181504156e-01   2.79599993750453e+01
   6.66666713232796e-02   1.52708692785050e-01   2.79899993743747e+01
   6.66666713232796e-02   1.53139435694256e-01   2.80199993737042e+01
   6.66666713232796e-02   1.53563820774540e-01   2.80499993730336e+01
   6.66666713232796e-02   1.53969927096689e-01   2.80799993723631e+01
   6.66666713232796e-02   1.54393517448359e-01   2.81099993716925e+01
   6.66666713232796e-02   1.54800418499121e-01   2.81399993710220e+01
   6.66666713232796e-02   1.55199372263736e-01   2.81699993703514e+01
   6.66666713232796e-02   1.55592762928047e-01   2.81999993696809e+01
   6.66666713232796e-02   1.55969464291446e-01   2.82299993690103e+01
   6.66666713232796e-02   1.56362060227141e-01   2.82599993683398e+01
   6.66666713232796e-02   1.56737172133314e-01   2.82899993676692e+01
   6.66666713232796e-02   1.57105926210566e-01   2.83199993669987e+01
   6.66666713232796e-02   1.57469911916130e-01   2.83499993663281e+01
   6.66666713232796e-02   1.57813234677710e-01   2.83799993656576e+01
   6.66666713232796e-02   1.58176425654659e-01   2.84099993649870e+01
   6.66666713232796e-02   1.58520543144854e-01   2.84399993643165e+01
   6.66666713232796e-02   1.58858302806131e-01   2.84699993636459e+01
   6.66666713232796e-02   1.59177783709268e-01   2.84999993629754e+01
   6.66666713232796e-02   1.59514748641930e-01   2.85299993623048e+01
   6.66666713232796e-02   1.59834229545067e-01   2.85599993616343e+01
   6.66666713232796e-02   1.60147352619285e-01   2.85899993609637e+01
   6.66666713232796e-02   1.60453323135972e-01   2.86199993602931e+01
   6.66666713232796e-02   1.60741014894517e-01   2.86499993596226e+01
   6.66666713232796e-02   1.61046985411204e-01   2.86799993589520e+01
   6.66666713232796e-02   1.61334677169750e-01   2.87099993582815e+01
   6.66666713232796e-02   1.61615216370764e-01   2.87399993576109e+01
   6.66666713232796e-02   1.61890192471474e-01   2.87699993569404e+01
   6.66666713232796e-02   1.62145697721122e-01   2.87999993562698e+01
   6.66666713232796e-02   1.62419879093217e-01   2.88299993555993e+01
   6.66666713232796e-02   1.62675384342865e-01   2.88599993549287e+01
   6.66666713232796e-02   1.62924531763596e-01   2.88899993542582e+01
   6.66666713232796e-02   1.63166923991100e-01   2.89199993535876e+01
   6.66666713232796e-02   1.63390640096158e-01   2.89499993529171e+01
   6.66666713232796e-02   1.63633032323661e-01   2.89799993522465e+01
   6.66666713232796e-02   1.63855953700104e-01   2.90099993515760e+01
   6.66666713232796e-02   1.64072517247630e-01   2.90399993509054e+01
   6.66666713232796e-02   1.64282722966235e-01   2.90699993502349e+01
   6.66666713232796e-02   1.64474252562395e-01   2.90999993495643e+01
   6.66666713232796e-02   1.64684060916694e-01   2.91299993488938e+01
   6.66666713232796e-02   1.64874795784237e-01   2.91599993482232e+01
   6.66666713232796e-02   1.65058775458557e-01   2.91899993475527e+01
   6.66666713232796e-02   1.65236794668265e-01   2.92199993468821e+01
   6.66666713232796e-02   1.65395343026912e-01   2.92499993462116e+01
   6.66666713232796e-02   1.65572567508005e-01   2.92799993455410e+01
   6.66666713232796e-02   1.65730718502344e-01   2.93099993448704e+01
   6.66666713232796e-02   1.65882511667765e-01   2.93399993441999e+01
   6.66666713232796e-02   1.66027549639960e-01   2.93699993435293e+01
   6.66666713232796e-02   1.66153116761094e-01   2.93999993428588e+01
   6.66666713232796e-02   1.66297956051135e-01   2.94299993421882e+01
   6.66666713232796e-02   1.66423324490115e-01   2.94599993415177e+01
   6.66666713232796e-02   1.66542136418023e-01   2.94899993408471e+01
   6.66666713232796e-02   1.66654193152705e-01   2.95199993401766e+01
   6.66666713232796e-02   1.66747375082787e-01   2.95499993395060e+01
   6.66666713232796e-02   1.66859034453162e-01   2.95799993388355e+01
   6.66666713232796e-02   1.66951620336782e-01   2.96099993381649e+01
   6.66666713232796e-02   1.67037451027177e-01   2.96399993374944e+01
   6.66666713232796e-02   1.67116725206501e-01   2.96699993368238e+01
   6.66666713232796e-02   1.67176727216916e-01   2.96999993361533e+01
   6.66666713232796e-02   1.67255604031931e-01   2.97299993354827e+01
   6.66666713232796e-02   1.67315009995885e-01   2.97599993348122e+01
   6.66666713232796e-02   1.67367958789844e-01   2.97899993341416e+01
   6.66666713232796e-02   1.67401536073818e-01   2.98199993334711e+01
   6.66666713232796e-02   1.67453888821316e-01   2.98499993328005e+01
   6.66666713232796e-02   1.67486969399906e-01   2.98799993321300e+01
   6.66666713232796e-02   1.67513443796885e-01   2.99099993314594e+01
   6.66666713232796e-02   1.67533287176986e-01   2.99399993307889e+01
   6.66666713232796e-02   1.67533783882370e-01   2.99699993301183e+01
