   0.00000000000000e+00   0.00000000000000e+00   3.33333350718021e-02   0.00000000000000e+00
   3.00045668842996e+01   1.74506341672000e-02   3.33333350718021e-02   3.33333350718021e-02
   3.00045641018432e+01  -5.31437106339808e-06   3.33333350718021e-02   6.66666701436043e-02
   3.00045585423951e+01   1.74400110083541e-02   3.33333350718021e-02   1.00000005215406e-01
   3.00045502032454e+01  -2.12612202309080e-05   3.33333350718021e-02   1.33333340287209e-01
   3.00045391085619e+01   1.74187721153812e-02   3.33333350718021e-02   1.66666675359011e-01
   3.00045252684617e+01  -4.77921687291848e-05   3.33333350718021e-02   2.00000010430813e-01
   3.00045086897700e+01   1.73869379242396e-02   3.33333350718021e-02   2.33333345502615e-01
   3.00044893992845e+01  -8.49072749771716e-05   3.33333350718021e-02   2.66666680574417e-01
   3.00044674262209e+01   1.73445642277034e-02   3.33333350718021e-02   3.00000015646219e-01
   3.00044427790956e+01  -1.32561929872509e-04   3.33333350718021e-02   3.33333350718021e-01
   3.00044155150777e+01   1.72916956241251e-02   3.33333350718021e-02   3.66666685789824e-01
   3.00043856513355e+01  -1.90659407063833e-04   3.33333350718021e-02   4.00000020861626e-01
   3.00043532075971e+01   1.72283543456557e-02   3.33333350718021e-02   4.33333355933428e-01
   3.00043182744436e+01  -2.59125345352121e-04   3.33333350718021e-02   4.66666691005230e-01
   3.00042808305891e+01   1.71546594340421e-02   3.33333350718021e-02   5.00000026077032e-01
   3.00042409708577e+01  -3.37930093056764e-04   3.33333350718021e-02   5.33333361148834e-01
   3.00041987090558e+01   1.70707001195341e-02   3.33333350718021e-02   5.66666696220636e-01
   3.00041541436576e+01  -4.26924840468888e-04   3.33333350718021e-02   6.00000031292439e-01
   3.00041072558157e+01   1.69765507191182e-02   3.33333350718021e-02   6.33333366364241e-01
   3.00040581774555e+01  -5.26050174993450e-04   3.33333350718021e-02   6.66666701436043e-01
   3.00040069383595e+01   1.68724196092464e-02   3.33333350718021e-02   7.00000036507845e-01
   3.00039535709290e+01  -6.35216903702048e-04   3.33333350718021e-02   7.33333371579647e-01
   3.00038981967167e+01   1.67583661834518e-02   3.33333350718021e-02   7.66666706651449e-01
   3.00038408372717e+01  -7.54216667096800e-04   3.33333350718021e-02   8.00000041723251e-01
   3.00037815881662e+01   1.66345094135239e-02   3.33333350718021e-02   8.33333376795053e-01
   3.00037205035462e+01  -8.82930497293780e-04   3.33333350718021e-02   8.66666711866856e-01
   3.00036576815706e+01   1.65010278531642e-02   3.33333350718021e-02   9.00000046938658e-01
   3.00035931656804e+01  -1.02120963812517e-03   3.33333350718021e-02   9.33333382010460e-01
   3.00035270567207e+01   1.63580404612045e-02   3.33333350718021e-02   9.66666717082262e-01
   3.00034594560238e+01  -1.16881595125572e-03   3.33333350718021e-02   1.00000005215406e+00
   3.00033903980661e+01   1.62057555797390e-02   3.33333350718021e-02   1.03333338722587e+00
   3.00033200001863e+01  -1.32566027569299e-03   3.33333350718021e-02   1.06666672229767e+00
   3.00032483399071e+01   1.60443815517399e-02   3.33333350718021e-02   1.10000005736947e+00
   3.00031754830184e+01  -1.49156406374672e-03   3.33333350718021e-02   1.13333339244127e+00
   3.00031015743081e+01   1.58741267237303e-02   3.33333350718021e-02   1.16666672751307e+00
   3.00030266296382e+01  -1.66628917136282e-03   3.33333350718021e-02   1.20000006258488e+00
   3.00029507945592e+01   1.56951100589398e-02   3.33333350718021e-02   1.23333339765668e+00
   3.00028741877288e+01  -1.84947826048241e-03   3.33333350718021e-02   1.26666673272848e+00
   3.00027967802494e+01   1.55075101197754e-02   3.33333350718021e-02   1.30000006780028e+00
   3.00027187910654e+01  -2.04113154172831e-03   3.33333350718021e-02   1.33333340287209e+00
   3.00026402900903e+01   1.53118034473266e-02   3.33333350718021e-02   1.36666673794389e+00
   3.00025613253450e+01  -2.24095124846657e-03   3.33333350718021e-02   1.40000007301569e+00
   3.00024820168092e+01   1.51079898468768e-02   3.33333350718021e-02   1.43333340808749e+00
   3.00024024830125e+01  -2.44863959883529e-03   3.33333350718021e-02   1.46666674315929e+00
   3.00023227741198e+01   1.48963671074845e-02   3.33333350718021e-02   1.50000007823110e+00
   3.00022430525513e+01  -2.66395838808772e-03   3.33333350718021e-02   1.53333341330290e+00
   3.00021633684452e+01   1.46772926333854e-02   3.33333350718021e-02   1.56666674837470e+00
   3.00020838380110e+01  -2.88666939311800e-03   3.33333350718021e-02   1.60000008344650e+00
   3.00020044927771e+01   1.44508258683477e-02   3.33333350718021e-02   1.63333341851830e+00
   3.00019255714199e+01  -3.11641517860618e-03   3.33333350718021e-02   1.66666675359011e+00
   3.00018470424815e+01   1.42175030484279e-02   3.33333350718021e-02   1.70000008866191e+00
   3.00017690199214e+01  -3.35319586849249e-03   3.33333350718021e-02   1.73333342373371e+00
   3.00016916914030e+01   1.39776220486912e-02   3.33333350718021e-02   1.76666675880551e+00
   3.00016150124736e+01  -3.59653478773021e-03   3.33333350718021e-02   1.80000009387732e+00
   3.00015391857052e+01   1.37312423754233e-02   3.33333350718021e-02   1.83333342894912e+00
   3.00014642431623e+01  -3.84607442885294e-03   3.33333350718021e-02   1.86666676402092e+00
   3.00013903419240e+01   1.34788407457513e-02   3.33333350718021e-02   1.90000009909272e+00
   3.00013174631537e+01  -4.10163605421667e-03   3.33333350718021e-02   1.93333343416452e+00
   3.00012458099649e+01   1.32205959095474e-02   3.33333350718021e-02   1.96666676923633e+00
   3.00011754130310e+01  -4.36268330518814e-03   3.33333350718021e-02   2.00000010430813e+00
   3.00011063381810e+01   1.29567462399468e-02   3.33333350718021e-02   2.03333343937993e+00
   3.00010387115130e+01  -4.62909699333459e-03   3.33333350718021e-02   2.06666677445173e+00
   3.00009726233129e+01   1.26878877379559e-02   3.33333350718021e-02   2.10000010952353e+00
   3.00009081048762e+01  -4.90051950466256e-03   3.33333350718021e-02   2.13333344459534e+00
   3.00008452725645e+01   1.24141396293312e-02   3.33333350718021e-02   2.16666677966714e+00
   3.00007841836618e+01  -5.17659319876765e-03   3.33333350718021e-02   2.20000011473894e+00
   3.00007249208263e+01   1.21358595669435e-02   3.33333350718021e-02   2.23333344981074e+00
   3.00006675631896e+01  -5.45696040850571e-03   3.33333350718021e-02   2.26666678488255e+00
   3.00006121634041e+01   1.18534052299997e-02   3.33333350718021e-02   2.30000011995435e+00
   3.00005588182305e+01  -5.74126344102909e-03   3.33333350718021e-02   2.33333345502615e+00
   3.00005075541245e+01   1.15671343228977e-02   3.33333350718021e-02   2.36666679009795e+00
   3.00004584712865e+01  -6.02920418187226e-03   3.33333350718021e-02   2.40000012516975e+00
   3.00004115942085e+01   1.12774045736690e-02   3.33333350718021e-02   2.43333346024156e+00
   3.00003669961188e+01  -6.32054409806908e-03   3.33333350718021e-02   2.46666679531336e+00
   3.00003247442451e+01   1.09846333356504e-02   3.33333350718021e-02   2.50000013038516e+00
   3.00002848762910e+01  -6.61474661980940e-03   3.33333350718021e-02   2.53333346545696e+00
   3.00002474374292e+01   1.06890591733659e-02   3.33333350718021e-02   2.56666680052876e+00
   3.00002124844015e+01  -6.91151356987590e-03   3.33333350718021e-02   2.60000013560057e+00
   3.00001800428345e+01   1.03910398755327e-02   3.33333350718021e-02   2.63333347067237e+00
   3.00001501747444e+01  -7.21048715045084e-03   3.33333350718021e-02   2.66666680574417e+00
   3.00001229058001e+01   1.00911120599659e-02   3.33333350718021e-02   2.70000014081597e+00
   3.00000982571389e+01  -7.51142875649840e-03   3.33333350718021e-02   2.73333347588778e+00
   3.00000762806512e+01   9.78951433896521e-03   3.33333350718021e-02   2.76666681095958e+00
   3.00000569906068e+01  -7.81374214487925e-03   3.33333350718021e-02   2.80000014603138e+00
   3.00000404094628e+01   9.48654494018133e-03   3.33333350718021e-02   2.83333348110318e+00
   3.00000265624469e+01  -8.11718868702213e-03   3.33333350718021e-02   2.86666681617498e+00
   3.00000154625854e+01   9.18262130924129e-03   3.33333350718021e-02   2.90000015124679e+00
   3.00000071297299e+01  -8.42129132862014e-03   3.33333350718021e-02   2.93333348631859e+00
   3.00000015663253e+01   8.87816089903607e-03   3.33333350718021e-02   2.96666682139039e+00
   2.99999987832612e+01  -8.72587103281226e-03   3.33333350718021e-02   3.00000015646219e+00
   2.99999987832612e+01   8.57358116658845e-03   3.33333350718021e-02   3.03333349153399e+00
   3.00000015663253e+01  -9.03045073700438e-03   3.33333350718021e-02   3.06666682660580e+00
   3.00000071297299e+01   8.26912075638323e-03   3.33333350718021e-02   3.10000016167760e+00
   3.00000154625854e+01  -9.33455337860239e-03   3.33333350718021e-02   3.13333349674940e+00
   3.00000265624469e+01   7.96519712544319e-03   3.33333350718021e-02   3.16666683182120e+00
   3.00000404094628e+01  -9.63799992074527e-03   3.33333350718021e-02   3.20000016689301e+00
   3.00000569906068e+01   7.66222772665931e-03   3.33333350718021e-02   3.23333350196481e+00
   3.00000762806512e+01  -9.94031330912612e-03   3.33333350718021e-02   3.26666683703661e+00
   3.00000982571389e+01   7.36063000565864e-03   3.33333350718021e-02   3.30000017210841e+00
   3.00001229058001e+01  -1.02412549151737e-02   3.33333350718021e-02   3.33333350718021e+00
   3.00001501747444e+01   7.06070219009180e-03   3.33333350718021e-02   3.36666684225202e+00
   3.00001800490564e+01  -1.05402880996717e-02   3.33333350718021e-02   3.40000017732382e+00
   3.00002124776468e+01   6.76280209997599e-03   3.33333350718021e-02   3.43333351239562e+00
   3.00002474374292e+01  -1.08371146535325e-02   3.33333350718021e-02   3.46666684746742e+00
   3.00002848762910e+01   6.46722793769154e-03   3.33333350718021e-02   3.50000018253922e+00
   3.00003247442451e+01  -1.11313171752728e-02   3.33333350718021e-02   3.53333351761103e+00
   3.00003670049823e+01   6.17439709649263e-03   3.33333350718021e-02   3.56666685268283e+00
   3.00004115942085e+01  -1.14225974882894e-02   3.33333350718021e-02   3.60000018775463e+00
   3.00004584514816e+01   5.88478655289759e-03   3.33333350718021e-02   3.63333352282643e+00
   3.00005075645420e+01  -1.17107170373880e-02   3.33333350718021e-02   3.66666685789824e+00
   3.00005588073013e+01   5.59863485083544e-03   3.33333350718021e-02   3.70000019297004e+00
   3.00006121748418e+01  -1.19951392745355e-02   3.33333350718021e-02   3.73333352804184e+00
   3.00006675631896e+01   5.31624011609775e-03   3.33333350718021e-02   3.76666686311364e+00
   3.00007249332704e+01  -1.22755660860317e-02   3.33333350718021e-02   3.80000019818544e+00
   3.00007841836618e+01   5.03801965546814e-03   3.33333350718021e-02   3.83333353325725e+00
   3.00008452591293e+01  -1.25515801788568e-02   3.33333350718021e-02   3.86666686832905e+00
   3.00009081188010e+01   4.76415234453333e-03   3.33333350718021e-02   3.90000020340085e+00
   3.00009726089029e+01  -1.28228834883807e-02   3.33333350718021e-02   3.93333353847265e+00
   3.00010387115130e+01   4.49523424176842e-03   3.33333350718021e-02   3.96666687354445e+00
   3.00011063535482e+01  -1.30893567767697e-02   3.33333350718021e-02   4.00000020861626e+00
   3.00011753971921e+01   4.23150377237869e-03   3.33333350718021e-02   4.03333354368806e+00
   3.00012458262707e+01  -1.33505232273978e-02   3.33333350718021e-02   4.06666687875986e+00
   3.00013174631537e+01   3.97331853586322e-03   3.33333350718021e-02   4.10000021383166e+00
   3.00013903074752e+01  -1.36059656545330e-02   3.33333350718021e-02   4.13333354890347e+00
   3.00014642785141e+01   3.72067851032150e-03   3.33333350718021e-02   4.16666688397527e+00
   3.00015391675833e+01  -1.38553264994917e-02   3.33333350718021e-02   4.20000021904707e+00
   3.00016150310361e+01   3.47417964030916e-03   3.33333350718021e-02   4.23333355411887e+00
   3.00016916534080e+01  -1.40984866246738e-02   3.33333350718021e-02   4.26666688919067e+00
   3.00017690199214e+01   3.23417944473847e-03   3.33333350718021e-02   4.30000022426248e+00
   3.00018470623314e+01  -1.43353269118599e-02   3.33333350718021e-02   4.33333355933428e+00
   3.00019255511528e+01   3.00097581910610e-03   3.33333350718021e-02   4.36666689440608e+00
   3.00020045341330e+01  -1.45652514876841e-02   3.33333350718021e-02   4.40000022947788e+00
   3.00020838169283e+01   2.77468784377573e-03   3.33333350718021e-02   4.43333356454968e+00
   3.00021633899263e+01  -1.47880816851164e-02   3.33333350718021e-02   4.46666689962149e+00
   3.00022430306786e+01   2.55573256144615e-03   3.33333350718021e-02   4.50000023469329e+00
   3.00023227518622e+01  -1.50034004746856e-02   3.33333350718021e-02   4.53333356976509e+00
   3.00024025282849e+01   2.34393103645802e-03   3.33333350718021e-02   4.56666690483689e+00
   3.00024819938018e+01  -1.52109100400911e-02   3.33333350718021e-02   4.60000023990870e+00
   3.00025613487169e+01   2.13999824676908e-03   3.33333350718021e-02   4.63333357498050e+00
   3.00026402426323e+01  -1.54105509640704e-02   3.33333350718021e-02   4.66666691005230e+00
   3.00027187669864e+01   1.94423197985990e-03   3.33333350718021e-02   4.70000024512410e+00
   3.00027968535149e+01  -1.56024426197325e-02   3.33333350718021e-02   4.73333358019590e+00
   3.00028741134579e+01   1.75698960093317e-03   3.33333350718021e-02   4.76666691526771e+00
   3.00029508698137e+01  -1.57859892672544e-02   3.33333350718021e-02   4.80000025033951e+00
   3.00030266042335e+01   1.57821130750061e-03   3.33333350718021e-02   4.83333358541131e+00
   3.00031016000253e+01  -1.59608335598000e-02   3.33333350718021e-02   4.86666692048311e+00
   3.00031754569969e+01   1.40807566382923e-03   3.33333350718021e-02   4.90000025555491e+00
   3.00032483135890e+01  -1.61267373481432e-02   3.33333350718021e-02   4.93333359062672e+00
   3.00033200533999e+01   1.24652286120094e-03   3.33333350718021e-02   4.96666692569852e+00
   3.00033903442920e+01  -1.62833433073467e-02   3.33333350718021e-02   5.00000026077032e+00
   3.00034595103428e+01   1.09399961560960e-03   3.33333350718021e-02   5.03333359584212e+00
   3.00035270292974e+01  -1.64307708480631e-02   3.33333350718021e-02   5.06666693091393e+00
   3.00035931380015e+01   9.51012223387230e-04   3.33333350718021e-02   5.10000026598573e+00
   3.00036577234601e+01  -1.65691989644179e-02   3.33333350718021e-02   5.13333360105753e+00
   3.00037204612990e+01   8.17709432973934e-04   3.33333350718021e-02   5.16666693612933e+00
   3.00037816449563e+01  -1.66981213586303e-02   3.33333350718021e-02   5.20000027120113e+00
   3.00038407943472e+01   6.94061226344446e-04   3.33333350718021e-02   5.23333360627294e+00
   3.00038982543753e+01  -1.68173296843971e-02   3.33333350718021e-02   5.26666694134474e+00
   3.00039535418960e+01   5.80186567784340e-04   3.33333350718021e-02   5.30000027641654e+00
   3.00040068799031e+01  -1.69264368245979e-02   3.33333350718021e-02   5.33333361148834e+00
   3.00040582362846e+01   4.75817103441141e-04   3.33333350718021e-02   5.36666694656014e+00
   3.00041072262240e+01  -1.70253833937693e-02   3.33333350718021e-02   5.40000028163195e+00
   3.00041542031779e+01   3.81488938434486e-04   3.33333350718021e-02   5.43333361670375e+00
   3.00041986641773e+01  -1.71141695829749e-02   3.33333350718021e-02   5.46666695177555e+00
   3.00042409257540e+01   2.97529623674755e-04   3.33333350718021e-02   5.50000028684735e+00
   3.00042808985621e+01  -1.71931977845357e-02   3.33333350718021e-02   5.53333362191916e+00
   3.00043182137600e+01   2.24087959198354e-04   3.33333350718021e-02   5.56666695699096e+00
   3.00043532913743e+01  -1.72619467629864e-02   3.33333350718021e-02   5.60000029206276e+00
   3.00043855978249e+01   1.61014823552168e-04   3.33333350718021e-02   5.63333362713456e+00
   3.00044154613854e+01  -1.73200442403853e-02   3.33333350718021e-02   5.66666696220636e+00
   3.00044428560357e+01   1.07892975083679e-04   3.33333350718021e-02   5.70000029727817e+00
   3.00044673722141e+01  -1.73674456507512e-02   3.33333350718021e-02   5.73333363234997e+00
   3.00044894727599e+01   6.52734828313212e-05   3.33333350718021e-02   5.76666696742177e+00
   3.00045086393898e+01  -1.74043224099107e-02   3.33333350718021e-02   5.80000030249357e+00
   3.00045253344648e+01   3.32158416047196e-05   3.33333350718021e-02   5.83333363756537e+00
   3.00045390580122e+01  -1.74306299085203e-02   3.33333350718021e-02   5.86666697263718e+00
   3.00045501565272e+01   1.19695002399611e-05   3.33333350718021e-02   5.90000030770898e+00
   3.00045586125371e+01  -1.74468002072198e-02   3.33333350718021e-02   5.93333364278078e+00
   3.00045640511545e+01   1.57723915658256e-06   3.33333350718021e-02   5.96666697785258e+00
   3.00045669573673e+01  -1.74523509406967e-02   3.33333350718021e-02   6.00000031292439e+00
   3.00045668326841e+01   1.81534212169432e-06   3.33333350718021e-02   6.03333364799619e+00
   3.00045640511545e+01  -1.74470383101849e-02   3.33333350718021e-02   6.06666698306799e+00
   3.00045586125371e+01   1.22076032050729e-05   3.33333350718021e-02   6.10000031813979e+00
   3.00045501545806e+01  -1.74308642873253e-02   3.33333350718021e-02   6.13333365321159e+00
   3.00045391824428e+01   3.32118739864683e-05   3.33333350718021e-02   6.16666698828340e+00
   3.00045252141066e+01  -1.74040875439818e-02   3.33333350718021e-02   6.20000032335520e+00
   3.00045087595276e+01   6.48077183367408e-05   3.33333350718021e-02   6.23333365842700e+00
   3.00044893451451e+01  -1.73667340906932e-02   3.33333350718021e-02   6.26666699349880e+00
   3.00044673722141e+01   1.07181415025671e-04   3.33333350718021e-02   6.30000032857060e+00
   3.00044428560357e+01  -1.73193326803273e-02   3.33333350718021e-02   6.33333366364241e+00
   3.00044154690557e+01   1.60288366719923e-04   3.33333350718021e-02   6.36666699871421e+00
   3.00043857201352e+01  -1.72614586550155e-02   3.33333350718021e-02   6.40000033378601e+00
   3.00043531619008e+01   2.23853097440121e-04   3.33333350718021e-02   6.43333366885781e+00
   3.00043182213454e+01  -1.71929778196483e-02   3.33333350718021e-02   6.46666700392962e+00
   3.00042808985621e+01   2.97309658787326e-04   3.33333350718021e-02   6.50000033900142e+00
   3.00042409257540e+01  -1.71139496180874e-02   3.33333350718021e-02   6.53333367407322e+00
   3.00041987838540e+01   3.81030621715728e-04   3.33333350718021e-02   6.56666700914502e+00
   3.00041540841378e+01  -1.70246867245109e-02   3.33333350718021e-02   6.60000034421682e+00
   3.00041073297952e+01   4.74911875059079e-04   3.33333350718021e-02   6.63333367928863e+00
   3.00040581333339e+01  -1.69253230364096e-02   3.33333350718021e-02   6.66666701436043e+00
   3.00040068799031e+01   5.79072779596089e-04   3.33333350718021e-02   6.70000034943223e+00
   3.00039536435121e+01  -1.68164244574691e-02   3.33333350718021e-02   6.73333368450403e+00
   3.00038981534730e+01   6.93364561446717e-04   3.33333350718021e-02   6.76666701957583e+00
   3.00038408945047e+01  -1.66976332565603e-02   3.33333350718021e-02   6.80000035464764e+00
   3.00037815455738e+01   8.17429894555334e-04   3.33333350718021e-02   6.83333368971944e+00
   3.00037204612990e+01  -1.65689194259993e-02   3.33333350718021e-02   6.86666702479124e+00
   3.00036577374233e+01   9.50702889915280e-04   3.33333350718021e-02   6.90000035986304e+00
   3.00035931241621e+01  -1.64304317194095e-02   3.33333350718021e-02   6.93333369493484e+00
   3.00035271252793e+01   1.09345191976610e-03   3.33333350718021e-02   6.96666703000665e+00
   3.00034594017052e+01  -1.62825572479261e-02   3.33333350718021e-02   7.00000036507845e+00
   3.00033903577355e+01   1.24570700619586e-03   3.33333350718021e-02   7.03333370015025e+00
   3.00033200533999e+01  -1.61259214931381e-02   3.33333350718021e-02   7.06666703522205e+00
   3.00032483135890e+01   1.40725980882415e-03   3.33333350718021e-02   7.10000037029386e+00
   3.00031755350617e+01  -1.59601964808618e-02   3.33333350718021e-02   7.13333370536566e+00
   3.00031015228740e+01   1.57775300551028e-03   3.33333350718021e-02   7.16666704043746e+00
   3.00030267058528e+01  -1.57857693357182e-02   3.33333350718021e-02   7.20000037550926e+00
   3.00029507694746e+01   1.75700804105610e-03   3.33333350718021e-02   7.23333371058106e+00
   3.00028741134579e+01  -1.56024610598555e-02   3.33333350718021e-02   7.26666704565287e+00
   3.00027968535149e+01   1.94425041998283e-03   3.33333350718021e-02   7.30000038072467e+00
   3.00027187669864e+01  -1.54105694041933e-02   3.33333350718021e-02   7.33333371579647e+00
   3.00026403138195e+01   2.13983790444676e-03   3.33333350718021e-02   7.36666705086827e+00
   3.00025613019732e+01  -1.52106305088446e-02   3.33333350718021e-02   7.40000038594007e+00
   3.00024819707945e+01   2.34371109998882e-03   3.33333350718021e-02   7.43333372101188e+00
   3.00024025282849e+01  -1.50031805382164e-02   3.33333350718021e-02   7.46666705608368e+00
   3.00023227518622e+01   2.55551262497696e-03   3.33333350718021e-02   7.50000039115548e+00
   3.00022430962969e+01  -1.47880405358265e-02   3.33333350718021e-02   7.53333372622728e+00
   3.00021633469643e+01   2.77476588657188e-03   3.33333350718021e-02   7.56666706129909e+00
   3.00020838380110e+01  -1.45653891268393e-02   3.33333350718021e-02   7.60000039637089e+00
   3.00020045134550e+01   3.00117305493538e-03   3.33333350718021e-02   7.63333373144269e+00
   3.00019255916870e+01  -1.43356433416647e-02   3.33333350718021e-02   7.66666706651449e+00
   3.00018470027820e+01   3.23467466644264e-03   3.33333350718021e-02   7.70000040158629e+00
   3.00017690199214e+01  -1.40989818463780e-02   3.33333350718021e-02   7.73333373665810e+00
   3.00016916534080e+01   3.47467486201333e-03   3.33333350718021e-02   7.76666707172990e+00
   3.00016150867244e+01  -1.38560005158601e-02   3.33333350718021e-02   7.80000040680170e+00
   3.00015391675833e+01   3.72135252668990e-03   3.33333350718021e-02   7.83333374187350e+00
   3.00014642431623e+01  -1.36065204732603e-02   3.33333350718021e-02   7.86666707694530e+00
   3.00013903074752e+01   3.97387335459055e-03   3.33333350718021e-02   7.90000041201711e+00
   3.00013174631537e+01  -1.33510780461251e-02   3.33333350718021e-02   7.93333374708891e+00
   3.00012458588826e+01   4.23193939172936e-03   3.33333350718021e-02   7.96666708216071e+00
   3.00011753813532e+01  -1.30897327961521e-02   3.33333350718021e-02   8.00000041723251e+00
   3.00011063381810e+01   4.49566986139341e-03   3.33333350718021e-02   8.03333375230432e+00
   3.00010387115130e+01  -1.28233191080057e-02   3.33333350718021e-02   8.06666708737612e+00
   3.00009726089029e+01   4.76458796415832e-03   3.33333350718021e-02   8.10000042244792e+00
   3.00009081327259e+01  -1.25520753995120e-02   3.33333350718021e-02   8.13333375751972e+00
   3.00008452591293e+01   5.03851487612329e-03   3.33333350718021e-02   8.16666709259152e+00
   3.00007841707203e+01  -1.22760017051642e-02   3.33333350718021e-02   8.20000042766333e+00
   3.00007249208263e+01   5.31673533698831e-03   3.33333350718021e-02   8.23333376273513e+00
   3.00006675631896e+01  -1.19956344954261e-02   3.33333350718021e-02   8.26666709780693e+00
   3.00006121977176e+01   5.59901086731396e-03   3.33333350718021e-02   8.30000043287873e+00
   3.00005588073013e+01  -1.17110930538665e-02   3.33333350718021e-02   8.33333376795053e+00
   3.00005075437072e+01   5.88528177461965e-03   3.33333350718021e-02   8.36666710302234e+00
   3.00004584613840e+01  -1.14231523128283e-02   3.33333350718021e-02   8.40000043809414e+00
   3.00004115848241e+01   6.17501152403463e-03   3.33333350718021e-02   8.43333377316594e+00
   3.00003670227098e+01  -1.11320508091752e-02   3.33333350718021e-02   8.46666710823774e+00
   3.00003247442451e+01   6.46796157159394e-03   3.33333350718021e-02   8.50000044330955e+00
   3.00002848684771e+01  -1.08377886839283e-02   3.33333350718021e-02   8.53333377838135e+00
   3.00002474374292e+01   6.76347613037180e-03   3.33333350718021e-02   8.56666711345315e+00
   3.00002124776468e+01  -1.05409621300676e-02   3.33333350718021e-02   8.60000044852495e+00
   3.00001800552784e+01   7.06131661656451e-03   3.33333350718021e-02   8.63333378359675e+00
   3.00001501747444e+01  -1.02418693416464e-02   3.33333350718021e-02   8.66666711866856e+00
   3.00001228954984e+01   7.36136364043175e-03   3.33333350718021e-02   8.70000045374036e+00
   3.00000982617518e+01  -9.94110654814733e-03   3.33333350718021e-02   8.73333378881216e+00
   3.00000762847248e+01   7.66296136134509e-03   3.33333350718021e-02   8.76666712388396e+00
   3.00000569870739e+01  -9.63867395101894e-03   3.33333350718021e-02   8.80000045895576e+00
   3.00000404094628e+01   7.96587115571686e-03   3.33333350718021e-02   8.83333379402757e+00
   3.00000265599983e+01  -9.33516780434304e-03   3.33333350718021e-02   8.86666712909937e+00
   3.00000154644906e+01   8.26967557754677e-03   3.33333350718021e-02   8.90000046417117e+00
   3.00000071297299e+01  -9.03100555816793e-03   3.33333350718021e-02   8.93333379924297e+00
   3.00000015663253e+01   8.57413598775199e-03   3.33333350718021e-02   8.96666713431478e+00
   2.99999987832612e+01  -8.72642585397581e-03   3.33333350718021e-02   9.00000046938658e+00
   2.99999987832612e+01   8.87871572019962e-03   3.33333350718021e-02   9.03333380445838e+00
   3.00000015663253e+01  -8.42184614978368e-03   3.33333350718021e-02   9.06666713953018e+00
   3.00000071297299e+01   9.18317613040484e-03   3.33333350718021e-02   9.10000047460198e+00
   3.00000154644906e+01  -8.11768390360857e-03   3.33333350718021e-02   9.13333380967379e+00
   3.00000265599983e+01   9.48698055223475e-03   3.33333350718021e-02   9.16666714474559e+00
   3.00000404094628e+01  -7.81417775693267e-03   3.33333350718021e-02   9.20000047981739e+00
   3.00000569870739e+01   9.78989034660652e-03   3.33333350718021e-02   9.23333381488919e+00
   3.00000762847248e+01  -7.51174515980428e-03   3.33333350718021e-02   9.26666714996099e+00
   3.00000982617518e+01   1.00914880675199e-02   3.33333350718021e-02   9.30000048503280e+00
   3.00001229006492e+01  -7.21092276215502e-03   3.33333350718021e-02   9.33333382010460e+00
   3.00001501690572e+01   1.03914158831951e-02   3.33333350718021e-02   9.36666715517640e+00
   3.00001800490564e+01  -6.91182997361512e-03   3.33333350718021e-02   9.40000049024820e+00
   3.00002124911563e+01   1.06894351808993e-02   3.33333350718021e-02   9.43333382532001e+00
   3.00002474301438e+01  -6.61518223099819e-03   3.33333350718021e-02   9.46666716039181e+00
   3.00002848762910e+01   1.09850689468391e-02   3.33333350718021e-02   9.50000049546361e+00
   3.00003247359051e+01  -6.32103931260605e-03   3.33333350718021e-02   9.53333383053541e+00
   3.00003669961188e+01   1.12778997882060e-02   3.33333350718021e-02   9.56666716560721e+00
   3.00004116129777e+01  -6.02958019040317e-03   3.33333350718021e-02   9.60000050067902e+00
   3.00004584613840e+01   1.15674507286118e-02   3.33333350718021e-02   9.63333383575082e+00
   3.00005075541245e+01  -5.74157984674319e-03   3.33333350718021e-02   9.66666717082262e+00
   3.00005588073013e+01   1.18536620332957e-02   3.33333350718021e-02   9.70000050589442e+00
   3.00006121977176e+01  -5.45703840518357e-03   3.33333350718021e-02   9.73333384096622e+00
   3.00006675512469e+01   1.21358779616354e-02   3.33333350718021e-02   9.76666717603803e+00
   3.00007249208263e+01  -5.17661159345949e-03   3.33333350718021e-02   9.80000051110983e+00
   3.00007841707203e+01   1.24140984225004e-02   3.33333350718021e-02   9.83333384618163e+00
   3.00008452591293e+01  -4.90053789911168e-03   3.33333350718021e-02   9.86666718125343e+00
   3.00009081466510e+01   1.26880849354954e-02   3.33333350718021e-02   9.90000051632524e+00
   3.00009725944929e+01  -4.62941339242207e-03   3.33333350718021e-02   9.93333385139704e+00
   3.00010387115130e+01   1.29570626390343e-02   3.33333350718021e-02   9.96666718646884e+00
