   0.00000000000000e+00   0.00000000000000e+00
   2.00000000000000e-02   6.27905130386353e-02
   4.00000000000000e-02   1.25333219766617e-01
   6.00000000000000e-02   1.87381297349930e-01
   8.00000000000000e-02   2.48689875006676e-01
   1.00000000000000e-01   3.09017002582550e-01
   1.20000000000000e-01   3.68124514818192e-01
   1.40000000000000e-01   4.25779283046722e-01
   1.60000000000000e-01   4.81753647327423e-01
   1.80000000000000e-01   5.35826802253723e-01
   2.00000000000000e-01   5.87785243988037e-01
   2.20000000000000e-01   6.37424051761627e-01
   2.40000000000000e-01   6.84547066688538e-01
   2.60000000000000e-01   7.28968679904938e-01
   2.80000000000000e-01   7.70513236522675e-01
   3.00000000000000e-01   8.09017002582550e-01
   3.20000000000000e-01   8.44327867031097e-01
   3.40000000000000e-01   8.76306653022766e-01
   3.60000000000000e-01   9.04827058315277e-01
   3.80000000000000e-01   9.29776489734650e-01
   4.00000000000000e-01   9.51056540012360e-01
   4.20000000000000e-01   9.68583166599274e-01
   4.40000000000000e-01   9.82287287712097e-01
   4.60000000000000e-01   9.92114722728729e-01
   4.80000000000000e-01   9.98026728630066e-01
   5.00000000000000e-01   1.00000000000000e+00
   5.20000000000000e-01   9.98026728630066e-01
   5.40000000000000e-01   9.92114722728729e-01
   5.60000000000000e-01   9.82287228107452e-01
   5.80000000000000e-01   9.68583166599274e-01
   6.00000000000000e-01   9.51056540012360e-01
   6.20000000000000e-01   9.29776430130005e-01
   6.40000000000000e-01   9.04827117919922e-01
   6.60000000000000e-01   8.76306593418121e-01
   6.80000000000000e-01   8.44327986240387e-01
   7.00000000000000e-01   8.09017002582550e-01
   7.20000000000000e-01   7.70513236522675e-01
   7.40000000000000e-01   7.28968620300293e-01
   7.60000000000000e-01   6.84547066688538e-01
   7.80000000000000e-01   6.37423932552338e-01
   8.00000000000000e-01   5.87785184383392e-01
   8.20000000000000e-01   5.35826742649078e-01
   8.40000000000000e-01   4.81753766536713e-01
   8.60000000000000e-01   4.25779372453690e-01
   8.80000000000000e-01   3.68124395608902e-01
   9.00000000000000e-01   3.09016793966293e-01
   9.20000000000000e-01   2.48689904808998e-01
   9.40000000000001e-01   1.87381297349930e-01
   9.60000000000001e-01   1.25333428382874e-01
   9.80000000000001e-01   6.27904608845711e-02
   1.00000000000000e+00  -8.74227765734759e-08
   1.02000000000000e+00  -6.27903938293457e-02
   1.04000000000000e+00  -1.25333368778229e-01
   1.06000000000000e+00  -1.87381237745285e-01
   1.08000000000000e+00  -2.48689845204353e-01
   1.10000000000000e+00  -3.09017211198807e-01
   1.12000000000000e+00  -3.68124544620514e-01
   1.14000000000000e+00  -4.25779312849045e-01
   1.16000000000000e+00  -4.81753498315811e-01
   1.18000000000000e+00  -5.35826861858368e-01
   1.20000000000000e+00  -5.87785124778748e-01
   1.22000000000000e+00  -6.37423932552338e-01
   1.24000000000000e+00  -6.84547245502472e-01
   1.26000000000000e+00  -7.28968560695648e-01
   1.28000000000000e+00  -7.70513057708740e-01
   1.30000000000000e+00  -8.09017121791840e-01
   1.32000000000000e+00  -8.44328045845032e-01
   1.34000000000000e+00  -8.76306593418121e-01
   1.36000000000000e+00  -9.04826998710632e-01
   1.38000000000000e+00  -9.29776430130005e-01
   1.40000000000000e+00  -9.51056480407715e-01
   1.42000000000000e+00  -9.68583166599274e-01
   1.44000000000000e+00  -9.82287228107452e-01
   1.46000000000000e+00  -9.92114722728729e-01
   1.48000000000000e+00  -9.98026728630066e-01
   1.50000000000000e+00  -1.00000000000000e+00
   1.52000000000000e+00  -9.98026728630066e-01
   1.54000000000000e+00  -9.92114722728729e-01
   1.56000000000000e+00  -9.82287228107452e-01
   1.58000000000000e+00  -9.68583106994629e-01
   1.60000000000000e+00  -9.51056480407715e-01
   1.62000000000000e+00  -9.29776608943939e-01
   1.64000000000000e+00  -9.04826998710632e-01
   1.66000000000000e+00  -8.76306593418121e-01
   1.68000000000000e+00  -8.44328045845032e-01
   1.70000000000000e+00  -8.09016823768616e-01
   1.72000000000000e+00  -7.70513355731964e-01
   1.74000000000000e+00  -7.28968739509583e-01
   1.76000000000000e+00  -6.84546828269958e-01
   1.78000000000000e+00  -6.37424051761627e-01
   1.80000000000000e+00  -5.87784945964813e-01
   1.82000000000000e+00  -5.35826861858368e-01
   1.84000000000000e+00  -4.81753706932068e-01
   1.86000000000000e+00  -4.25778865814209e-01
   1.88000000000000e+00  -3.68124544620514e-01
   1.90000000000000e+00  -3.09016942977905e-01
   1.92000000000000e+00  -2.48690277338028e-01
   1.94000000000000e+00  -1.87381222844124e-01
   1.96000000000000e+00  -1.25333115458488e-01
   1.98000000000000e+00  -6.27908483147621e-02
   2.00000000000000e+00   1.74845553146952e-07
   2.02000000000000e+00   6.27907216548920e-02
   2.04000000000000e+00   1.25332981348038e-01
   2.06000000000000e+00   1.87381088733673e-01
   2.08000000000000e+00   2.48690158128738e-01
   2.10000000000000e+00   3.09016823768616e-01
   2.12000000000000e+00   3.68124425411224e-01
   2.14000000000000e+00   4.25779610872269e-01
   2.16000000000000e+00   4.81753587722778e-01
   2.18000000000000e+00   5.35826742649078e-01
   2.20000000000000e+00   5.87785601615906e-01
   2.22000000000000e+00   6.37423992156982e-01
   2.24000000000000e+00   6.84547126293182e-01
   2.26000000000000e+00   7.28968977928162e-01
   2.28000000000000e+00   7.70513296127319e-01
   2.30000000000000e+00   8.09017062187195e-01
   2.32000000000000e+00   8.44327747821808e-01
   2.34000000000000e+00   8.76306772232056e-01
   2.36000000000000e+00   9.04827117919922e-01
   2.38000000000000e+00   9.29776370525360e-01
   2.40000000000000e+00   9.51056420803070e-01
   2.42000000000000e+00   9.68583226203918e-01
   2.44000000000000e+00   9.82287228107452e-01
   2.46000000000000e+00   9.92114663124084e-01
   2.48000000000000e+00   9.98026728630066e-01
   2.50000000000000e+00   1.00000000000000e+00
   2.52000000000000e+00   9.98026728630066e-01
   2.54000000000000e+00   9.92114663124084e-01
   2.56000000000000e+00   9.82287347316742e-01
   2.58000000000000e+00   9.68583047389984e-01
   2.60000000000000e+00   9.51056361198425e-01
   2.62000000000000e+00   9.29776668548584e-01
   2.64000000000000e+00   9.04826819896698e-01
   2.66000000000000e+00   8.76306414604187e-01
   2.68000000000000e+00   8.44328105449677e-01
   2.70000000000000e+00   8.09017181396484e-01
   2.72000000000000e+00   7.70513474941254e-01
   2.74000000000000e+00   7.28968858718872e-01
   2.76000000000000e+00   6.84547305107117e-01
   2.78000000000000e+00   6.37424170970917e-01
   2.80000000000000e+00   5.87785422801971e-01
   2.82000000000000e+00   5.35826981067657e-01
   2.84000000000000e+00   4.81753826141357e-01
   2.86000000000000e+00   4.25779432058334e-01
   2.88000000000000e+00   3.68124663829803e-01
   2.90000000000000e+00   3.09017091989517e-01
   2.92000000000000e+00   2.48689964413643e-01
   2.94000000000000e+00   1.87381371855736e-01
   2.96000000000000e+00   1.25333264470100e-01
   2.98000000000000e+00   6.27905204892159e-02
   3.00000000000000e+00  -2.38497612770061e-08
   3.02000000000000e+00  -6.27905651926994e-02
   3.04000000000000e+00  -1.25333309173584e-01
   3.06000000000000e+00  -1.87381416559219e-01
   3.08000000000000e+00  -2.48690009117126e-01
   3.10000000000000e+00  -3.09017151594162e-01
   3.12000000000000e+00  -3.68124723434448e-01
   3.14000000000000e+00  -4.25779461860657e-01
   3.16000000000000e+00  -4.81753885746002e-01
   3.18000000000000e+00  -5.35826206207275e-01
   3.20000000000000e+00  -5.87785482406616e-01
   3.22000000000000e+00  -6.37424230575562e-01
   3.24000000000000e+00  -6.84546649456024e-01
   3.26000000000000e+00  -7.28968858718872e-01
   3.28000000000000e+00  -7.70513474941254e-01
   3.30000000000000e+00  -8.09016644954681e-01
   3.32000000000000e+00  -8.44328165054321e-01
   3.34000000000000e+00  -8.76306891441345e-01
   3.36000000000000e+00  -9.04826879501343e-01
   3.38000000000000e+00  -9.29776310920715e-01
   3.40000000000000e+00  -9.51056659221649e-01
   3.42000000000000e+00  -9.68583047389984e-01
   3.44000000000000e+00  -9.82287168502808e-01
   3.46000000000000e+00  -9.92114782333374e-01
   3.48000000000000e+00  -9.98026728630066e-01
   3.50000000000000e+00  -1.00000000000000e+00
   3.52000000000000e+00  -9.98026669025421e-01
   3.54000000000000e+00  -9.92114722728729e-01
   3.56000000000000e+00  -9.82287287712097e-01
   3.58000000000000e+00  -9.68583226203918e-01
   3.60000000000000e+00  -9.51056241989136e-01
   3.62000000000000e+00  -9.29776549339294e-01
   3.64000000000000e+00  -9.04827117919922e-01
   3.66000000000000e+00  -8.76306712627411e-01
   3.68000000000000e+00  -8.44327986240387e-01
   3.70000000000000e+00  -8.09017002582550e-01
   3.72000000000000e+00  -7.70512640476227e-01
   3.74000000000000e+00  -7.28969275951385e-01
   3.76000000000000e+00  -6.84547066688538e-01
   3.78000000000000e+00  -6.37423932552338e-01
   3.80000000000000e+00  -5.87785184383392e-01
   3.82000000000000e+00  -5.35826683044434e-01
   3.84000000000000e+00  -4.81754392385483e-01
   3.86000000000000e+00  -4.25779998302460e-01
   3.88000000000000e+00  -3.68124365806580e-01
   3.90000000000000e+00  -3.09016793966293e-01
   3.92000000000000e+00  -2.48689651489258e-01
   3.94000000000000e+00  -1.87381044030190e-01
   3.96000000000000e+00  -1.25333890318871e-01
   3.98000000000000e+00  -6.27911463379860e-02
   4.00000000000000e+00   3.49691106293903e-07
   4.02000000000000e+00   6.27908930182457e-02
   4.04000000000000e+00   1.25333636999130e-01
   4.06000000000000e+00   1.87381729483604e-01
   4.08000000000000e+00   2.48689398169518e-01
   4.10000000000000e+00   3.09016555547714e-01
   4.12000000000000e+00   3.68124127388000e-01
   4.14000000000000e+00   4.25779759883881e-01
   4.16000000000000e+00   4.81754153966904e-01
   4.18000000000000e+00   5.35827279090881e-01
   4.20000000000000e+00   5.87784945964813e-01
   4.22000000000000e+00   6.37423753738403e-01
   4.24000000000000e+00   6.84546887874603e-01
   4.26000000000000e+00   7.28969097137451e-01
   4.28000000000000e+00   7.70513713359833e-01
   4.30000000000000e+00   8.09016883373260e-01
   4.32000000000000e+00   8.44327807426453e-01
   4.34000000000000e+00   8.76306593418121e-01
   4.35999999999999e+00   9.04826998710632e-01
   4.37999999999999e+00   9.29776430130005e-01
   4.39999999999999e+00   9.51056778430939e-01
   4.41999999999999e+00   9.68583166599274e-01
   4.43999999999999e+00   9.82287228107452e-01
   4.45999999999999e+00   9.92114722728729e-01
   4.47999999999999e+00   9.98026728630066e-01
   4.49999999999999e+00   1.00000000000000e+00
   4.51999999999999e+00   9.98026669025421e-01
   4.53999999999999e+00   9.92114782333374e-01
   4.55999999999999e+00   9.82287228107452e-01
   4.57999999999999e+00   9.68583106994629e-01
   4.59999999999999e+00   9.51056480407715e-01
   4.61999999999999e+00   9.29776430130005e-01
   4.63999999999999e+00   9.04827356338501e-01
   4.65999999999999e+00   8.76307010650635e-01
   4.67999999999999e+00   8.44327807426453e-01
   4.69999999999999e+00   8.09016823768616e-01
   4.71999999999999e+00   7.70513057708740e-01
   4.73999999999999e+00   7.28968381881714e-01
   4.75999999999999e+00   6.84547543525696e-01
   4.77999999999999e+00   6.37424409389496e-01
   4.79999999999999e+00   5.87785661220551e-01
   4.81999999999999e+00   5.35826444625854e-01
   4.83999999999998e+00   4.81753259897232e-01
   4.85999999999998e+00   4.25778836011887e-01
   4.87999999999998e+00   3.68124961853027e-01
   4.89999999999998e+00   3.09017390012741e-01
   4.91999999999998e+00   2.48690262436867e-01
   4.93999999999998e+00   1.87380731105804e-01
   4.95999999999998e+00   1.25332608819008e-01
   4.97999999999998e+00   6.27898722887039e-02
   4.99999999999998e+00   2.78141840226453e-07
   5.01999999999998e+00  -6.27902671694756e-02
   5.03999999999998e+00  -1.25333011150360e-01
   5.05999999999998e+00  -1.87381118535995e-01
   5.07999999999998e+00  -2.48690634965897e-01
   5.09999999999998e+00  -3.09015929698944e-01
   5.11999999999998e+00  -3.68123561143875e-01
   5.13999999999998e+00  -4.25778329372406e-01
   5.15999999999998e+00  -4.81754451990128e-01
   5.17999999999998e+00  -5.35827577114105e-01
   5.19999999999998e+00  -5.87786018848419e-01
   5.21999999999998e+00  -6.37423276901245e-01
   5.23999999999998e+00  -6.84546411037445e-01
   5.25999999999998e+00  -7.28968024253845e-01
   5.27999999999998e+00  -7.70513892173767e-01
   5.29999999999997e+00  -8.09017598628998e-01
   5.31999999999997e+00  -8.44328522682190e-01
   5.33999999999997e+00  -8.76306295394897e-01
   5.35999999999997e+00  -9.04826700687408e-01
   5.37999999999997e+00  -9.29776191711426e-01
   5.39999999999997e+00  -9.51056301593781e-01
   5.41999999999997e+00  -9.68583464622498e-01
   5.43999999999997e+00  -9.82287108898163e-01
   5.45999999999997e+00  -9.92114603519440e-01
   5.47999999999997e+00  -9.98026669025421e-01
   5.49999999999997e+00  -1.00000000000000e+00
   5.51999999999997e+00  -9.98026788234711e-01
   5.53999999999997e+00  -9.92114543914795e-01
   5.55999999999997e+00  -9.82287347316742e-01
   5.57999999999997e+00  -9.68583285808563e-01
   5.59999999999997e+00  -9.51056659221649e-01
   5.61999999999997e+00  -9.29776668548584e-01
   5.63999999999997e+00  -9.04827237129211e-01
   5.65999999999997e+00  -8.76306891441345e-01
   5.67999999999997e+00  -8.44328105449677e-01
   5.69999999999997e+00  -8.09017181396484e-01
   5.71999999999997e+00  -7.70513415336609e-01
   5.73999999999997e+00  -7.28968799114227e-01
   5.75999999999997e+00  -6.84547305107117e-01
   5.77999999999996e+00  -6.37424170970917e-01
   5.79999999999996e+00  -5.87785422801971e-01
   5.81999999999996e+00  -5.35826921463013e-01
   5.83999999999996e+00  -4.81753826141357e-01
   5.85999999999996e+00  -4.25779402256012e-01
   5.87999999999996e+00  -3.68124663829803e-01
   5.89999999999996e+00  -3.09017062187195e-01
   5.91999999999996e+00  -2.48689934611320e-01
   5.93999999999996e+00  -1.87381342053413e-01
   5.95999999999996e+00  -1.25333234667778e-01
   5.97999999999996e+00  -6.27904981374741e-02
   5.99999999999996e+00   4.76995225540122e-08
   6.01999999999996e+00   6.27905949950218e-02
   6.03999999999996e+00   1.25333338975906e-01
   6.05999999999996e+00   1.87381431460381e-01
   6.07999999999996e+00   2.48690038919449e-01
   6.09999999999996e+00   3.09017151594162e-01
   6.11999999999996e+00   3.68124753236771e-01
   6.13999999999996e+00   4.25779491662979e-01
   6.15999999999996e+00   4.81753885746002e-01
   6.17999999999996e+00   5.35827040672302e-01
   6.19999999999996e+00   5.87785482406616e-01
   6.21999999999996e+00   6.37424230575562e-01
   6.23999999999995e+00   6.84547364711761e-01
   6.25999999999995e+00   7.28968858718872e-01
   6.27999999999995e+00   7.70513474941254e-01
   6.29999999999995e+00   8.09017241001129e-01
   6.31999999999995e+00   8.44328165054321e-01
   6.33999999999995e+00   8.76306891441345e-01
   6.35999999999995e+00   9.04826462268829e-01
   6.37999999999995e+00   9.29776668548584e-01
   6.39999999999995e+00   9.51056718826294e-01
   6.41999999999995e+00   9.68583285808563e-01
   6.43999999999995e+00   9.82287347316742e-01
   6.45999999999995e+00   9.92114782333374e-01
   6.47999999999995e+00   9.98026669025421e-01
   6.49999999999995e+00   1.00000000000000e+00
   6.51999999999995e+00   9.98026669025421e-01
   6.53999999999995e+00   9.92114603519440e-01
   6.55999999999995e+00   9.82287108898163e-01
   6.57999999999995e+00   9.68582987785339e-01
   6.59999999999995e+00   9.51056838035583e-01
   6.61999999999995e+00   9.29776906967163e-01
   6.63999999999995e+00   9.04826700687408e-01
   6.65999999999995e+00   8.76306235790253e-01
   6.67999999999995e+00   8.44327449798584e-01
   6.69999999999995e+00   8.09017539024353e-01
   6.71999999999994e+00   7.70513832569122e-01
   6.73999999999994e+00   7.28969275951385e-01
   6.75999999999994e+00   6.84547781944275e-01
   6.77999999999994e+00   6.37423157691956e-01
   6.79999999999994e+00   5.87784409523010e-01
   6.81999999999994e+00   5.35827457904816e-01
   6.83999999999994e+00   4.81754362583160e-01
   6.85999999999994e+00   4.25779968500137e-01
   6.87999999999994e+00   3.68125230073929e-01
   6.89999999999994e+00   3.09015840291977e-01
   6.91999999999994e+00   2.48688697814941e-01
   6.93999999999994e+00   1.87381953001022e-01
   6.95999999999994e+00   1.25333860516548e-01
   6.97999999999994e+00   6.27911239862442e-02
   6.99999999999994e+00   5.80133416860917e-07
   7.01999999999994e+00  -6.27918690443039e-02
   7.03999999999994e+00  -1.25334605574608e-01
   7.05999999999994e+00  -1.87380820512772e-01
   7.07999999999994e+00  -2.48689427971840e-01
   7.09999999999994e+00  -3.09016555547714e-01
   7.11999999999994e+00  -3.68124157190323e-01
   7.13999999999994e+00  -4.25778925418854e-01
   7.15999999999994e+00  -4.81753349304199e-01
   7.17999999999993e+00  -5.35826504230499e-01
   7.19999999999993e+00  -5.87786555290222e-01
   7.21999999999993e+00  -6.37423753738403e-01
   7.23999999999993e+00  -6.84546887874603e-01
   7.25999999999993e+00  -7.28968441486359e-01
   7.27999999999993e+00  -7.70513117313385e-01
   7.29999999999993e+00  -8.09018015861511e-01
   7.31999999999993e+00  -8.44327807426453e-01
   7.33999999999993e+00  -8.76305699348450e-01
   7.35999999999993e+00  -9.04826998710632e-01
   7.37999999999993e+00  -9.29776430130005e-01
   7.39999999999993e+00  -9.51056480407715e-01
   7.41999999999993e+00  -9.68583166599274e-01
   7.43999999999993e+00  -9.82287585735321e-01
   7.45999999999993e+00  -9.92114722728729e-01
   7.47999999999993e+00  -9.98026609420776e-01
   7.49999999999993e+00  -1.00000000000000e+00
   7.51999999999993e+00  -9.98026728630066e-01
   7.53999999999993e+00  -9.92114424705505e-01
   7.55999999999993e+00  -9.82287228107452e-01
   7.57999999999993e+00  -9.68583583831787e-01
   7.59999999999993e+00  -9.51056480407715e-01
   7.61999999999993e+00  -9.29776430130005e-01
   7.63999999999993e+00  -9.04826939105988e-01
   7.65999999999992e+00  -8.76306533813477e-01
   7.67999999999992e+00  -8.44328820705414e-01
   7.69999999999992e+00  -8.09016823768616e-01
   7.71999999999992e+00  -7.70514249801636e-01
   7.73999999999992e+00  -7.28968381881714e-01
   7.75999999999992e+00  -6.84546828269958e-01
   7.77999999999992e+00  -6.37423694133759e-01
   7.79999999999992e+00  -5.87784886360168e-01
   7.81999999999992e+00  -5.35827994346619e-01
   7.83999999999992e+00  -4.81753230094910e-01
   7.85999999999992e+00  -4.25780534744263e-01
   7.87999999999992e+00  -3.68124037981033e-01
   7.89999999999992e+00  -3.09016436338425e-01
   7.91999999999992e+00  -2.48691156506538e-01
   7.93999999999992e+00  -1.87380701303482e-01
   7.95999999999992e+00  -1.25334486365318e-01
   7.97999999999992e+00  -6.27898499369621e-02
   7.99999999999992e+00   6.99382212587807e-07
   8.01999999999992e+00   6.27893358469009e-02
   8.03999999999992e+00   1.25333979725838e-01
   8.05999999999992e+00   1.87380209565163e-01
   8.07999999999992e+00   2.48690664768219e-01
   8.09999999999992e+00   3.09015959501266e-01
   8.11999999999992e+00   3.68125349283218e-01
   8.13999999999992e+00   4.25780087709427e-01
   8.15999999999991e+00   4.81752783060074e-01
   8.17999999999991e+00   5.35827577114105e-01
   8.19999999999991e+00   5.87784469127655e-01
   8.21999999999991e+00   6.37424767017365e-01
   8.23999999999991e+00   6.84546470642090e-01
   8.25999999999991e+00   7.28968024253845e-01
   8.27999999999991e+00   7.70513892173767e-01
   8.29999999999991e+00   8.09016525745392e-01
   8.31999999999991e+00   8.44328522682190e-01
   8.33999999999991e+00   8.76306295394897e-01
   8.35999999999991e+00   9.04827535152435e-01
   8.37999999999991e+00   9.29776191711426e-01
   8.39999999999991e+00   9.51056301593781e-01
   8.41999999999991e+00   9.68583464622498e-01
   8.43999999999991e+00   9.82287108898163e-01
   8.45999999999991e+00   9.92114841938019e-01
   8.47999999999991e+00   9.98026669025421e-01
   8.49999999999991e+00   1.00000000000000e+00
   8.51999999999991e+00   9.98026669025421e-01
   8.53999999999991e+00   9.92114782333374e-01
   8.55999999999991e+00   9.82286989688873e-01
   8.57999999999991e+00   9.68583285808563e-01
   8.59999999999991e+00   9.51056659221649e-01
   8.61999999999991e+00   9.29776608943939e-01
   8.63999999999990e+00   9.04827237129211e-01
   8.65999999999990e+00   8.76305937767029e-01
   8.67999999999990e+00   8.44328105449677e-01
   8.69999999999990e+00   8.09016048908234e-01
   8.71999999999990e+00   7.70513415336609e-01
   8.73999999999990e+00   7.28968799114227e-01
   8.75999999999990e+00   6.84547305107117e-01
   8.77999999999990e+00   6.37424170970917e-01
   8.79999999999990e+00   5.87783873081207e-01
   8.81999999999990e+00   5.35826921463013e-01
   8.83999999999990e+00   4.81753796339035e-01
   8.85999999999990e+00   4.25779402256012e-01
   8.87999999999990e+00   3.68124634027481e-01
   8.89999999999990e+00   3.09015244245529e-01
   8.91999999999990e+00   2.48689919710159e-01
   8.93999999999990e+00   1.87383189797401e-01
   8.95999999999990e+00   1.25333219766617e-01
   8.97999999999990e+00   6.27904757857323e-02
   8.99999999999990e+00  -7.15492802783046e-08
   9.01999999999990e+00  -6.27906173467636e-02
   9.03999999999990e+00  -1.25335246324539e-01
   9.05999999999990e+00  -1.87381461262703e-01
   9.07999999999990e+00  -2.48688206076622e-01
   9.09999999999989e+00  -3.09017181396484e-01
   9.11999999999989e+00  -3.68124753236771e-01
   9.13999999999989e+00  -4.25779521465302e-01
   9.15999999999989e+00  -4.81753915548325e-01
   9.17999999999989e+00  -5.35825431346893e-01
   9.19999999999989e+00  -5.87785542011261e-01
   9.21999999999989e+00  -6.37422800064087e-01
   9.23999999999989e+00  -6.84547364711761e-01
   9.25999999999989e+00  -7.28968918323517e-01
   9.27999999999989e+00  -7.70512282848358e-01
   9.29999999999989e+00  -8.09017241001129e-01
   9.31999999999989e+00  -8.44327151775360e-01
   9.33999999999989e+00  -8.76306951045990e-01
   9.35999999999989e+00  -9.04827296733856e-01
   9.37999999999989e+00  -9.29776668548584e-01
   9.39999999999989e+00  -9.51056718826294e-01
   9.41999999999989e+00  -9.68582808971405e-01
   9.43999999999989e+00  -9.82287347316742e-01
   9.45999999999989e+00  -9.92114543914795e-01
   9.47999999999989e+00  -9.98026788234711e-01
   9.49999999999989e+00  -1.00000000000000e+00
   9.51999999999989e+00  -9.98026788234711e-01
   9.53999999999989e+00  -9.92114603519440e-01
   9.55999999999989e+00  -9.82287466526031e-01
   9.57999999999988e+00  -9.68582987785339e-01
   9.59999999999988e+00  -9.51056838035583e-01
   9.61999999999988e+00  -9.29776847362518e-01
   9.63999999999988e+00  -9.04826700687408e-01
   9.65999999999988e+00  -8.76307129859924e-01
   9.67999999999988e+00  -8.44327449798584e-01
   9.69999999999988e+00  -8.09017539024353e-01
   9.71999999999988e+00  -7.70512580871582e-01
   9.73999999999988e+00  -7.28967905044556e-01
   9.75999999999988e+00  -6.84547722339630e-01
   9.77999999999988e+00  -6.37423157691956e-01
   9.79999999999988e+00  -5.87785899639130e-01
   9.81999999999988e+00  -5.35825848579407e-01
   9.83999999999988e+00  -4.81754332780838e-01
   9.85999999999988e+00  -4.25779968500137e-01
   9.87999999999988e+00  -3.68123441934586e-01
   9.89999999999988e+00  -3.09017658233643e-01
   9.91999999999988e+00  -2.48688682913780e-01
   9.93999999999988e+00  -1.87381938099861e-01
   9.95999999999988e+00  -1.25331938266754e-01
   9.97999999999988e+00  -6.27911016345024e-02
   9.99999999999988e+00  -5.56283680452907e-07
   1.00199999999999e+01   6.27918913960457e-02
   1.00399999999999e+01   1.25332728028297e-01
   1.00599999999999e+01   1.87382712960243e-01
   1.00799999999999e+01   2.48689442873001e-01
   1.00999999999999e+01   3.09016585350037e-01
   1.01199999999999e+01   3.68124186992645e-01
   1.01399999999999e+01   4.25778955221176e-01
   1.01599999999999e+01   4.81755048036575e-01
   1.01799999999999e+01   5.35826504230499e-01
   1.01999999999999e+01   5.87783455848694e-01
   1.02199999999999e+01   6.37425243854523e-01
   1.02399999999999e+01   6.84545516967773e-01
   1.02599999999999e+01   7.28969752788544e-01
   1.02799999999999e+01   7.70511925220490e-01
   1.02999999999999e+01   8.09018015861511e-01
   1.03199999999999e+01   8.44328880310059e-01
   1.03399999999999e+01   8.76305699348450e-01
   1.03599999999999e+01   9.04827833175659e-01
   1.03799999999999e+01   9.29775774478912e-01
   1.03999999999999e+01   9.51057076454163e-01
   1.04199999999999e+01   9.68583643436432e-01
   1.04399999999999e+01   9.82286870479584e-01
   1.04599999999999e+01   9.92114961147308e-01
   1.04799999999999e+01   9.98026609420776e-01
   1.04999999999999e+01   1.00000000000000e+00
   1.05199999999999e+01   9.98026847839355e-01
   1.05399999999999e+01   9.92114901542664e-01
   1.05599999999999e+01   9.82286870479584e-01
   1.05799999999999e+01   9.68583583831787e-01
   1.05999999999999e+01   9.51055884361267e-01
   1.06199999999999e+01   9.29777085781097e-01
   1.06399999999999e+01   9.04826104640961e-01
   1.06599999999999e+01   8.76307487487793e-01
   1.06799999999999e+01   8.44328761100769e-01
   1.06999999999999e+01   8.09015691280365e-01
   1.07199999999999e+01   7.70514249801636e-01
   1.07399999999999e+01   7.28967070579529e-01
   1.07599999999999e+01   6.84548199176788e-01
   1.07799999999999e+01   6.37425124645233e-01
   1.07999999999999e+01   5.87786436080933e-01
   1.08199999999999e+01   5.35827994346619e-01
   1.08399999999999e+01   4.81751561164856e-01
   1.08599999999999e+01   4.25780534744263e-01
   1.08799999999999e+01   3.68125796318054e-01
   1.08999999999999e+01   3.09018254280090e-01
   1.09199999999999e+01   2.48691126704216e-01
   1.09399999999999e+01   1.87378808856010e-01
   1.09599999999999e+01   1.25334456562996e-01
   1.09799999999999e+01   6.27879202365875e-02
   1.09999999999999e+01   1.18411662697326e-06
   1.10199999999999e+01  -6.27893656492233e-02
   1.10399999999999e+01  -1.25332102179527e-01
   1.10599999999999e+01  -1.87380224466324e-01
   1.10799999999999e+01  -2.48692527413368e-01
   1.10999999999999e+01  -3.09015989303589e-01
   1.11199999999999e+01  -3.68123590946198e-01
   1.11399999999999e+01  -4.25778388977051e-01
   1.11599999999999e+01  -4.81752812862396e-01
   1.11799999999999e+01  -5.35825967788696e-01
   1.11999999999999e+01  -5.87784528732300e-01
   1.12199999999998e+01  -6.37426257133484e-01
   1.12399999999998e+01  -6.84546470642090e-01
   1.12599999999998e+01  -7.28968024253845e-01
   1.12799999999998e+01  -7.70512700080872e-01
   1.12999999999998e+01  -8.09016525745392e-01
   1.13199999999998e+01  -8.44327509403229e-01
   1.13399999999998e+01  -8.76306295394897e-01
   1.13599999999998e+01  -9.04826760292053e-01
   1.13799999999998e+01  -9.29776251316071e-01
   1.13999999999998e+01  -9.51056301593781e-01
   1.14199999999998e+01  -9.68582987785339e-01
   1.14399999999998e+01  -9.82287108898163e-01
   1.14599999999998e+01  -9.92114603519440e-01
   1.14799999999998e+01  -9.98026669025421e-01
   1.14999999999998e+01  -1.00000000000000e+00
   1.15199999999998e+01  -9.98026788234711e-01
   1.15399999999998e+01  -9.92114782333374e-01
   1.15599999999998e+01  -9.82287347316742e-01
   1.15799999999998e+01  -9.68583285808563e-01
   1.15999999999998e+01  -9.51056659221649e-01
   1.16199999999998e+01  -9.29776608943939e-01
   1.16399999999998e+01  -9.04827237129211e-01
   1.16599999999998e+01  -8.76306831836700e-01
   1.16799999999998e+01  -8.44328105449677e-01
   1.16999999999998e+01  -8.09017181396484e-01
   1.17199999999998e+01  -7.70513415336609e-01
   1.17399999999998e+01  -7.28968799114227e-01
   1.17599999999998e+01  -6.84547245502472e-01
   1.17799999999998e+01  -6.37424111366272e-01
   1.17999999999998e+01  -5.87785363197327e-01
   1.18199999999998e+01  -5.35826921463013e-01
   1.18399999999998e+01  -4.81753766536713e-01
   1.18599999999998e+01  -4.25779372453690e-01
   1.18799999999998e+01  -3.68124604225159e-01
   1.18999999999998e+01  -3.09017032384872e-01
   1.19199999999998e+01  -2.48689889907837e-01
   1.19399999999998e+01  -1.87381297349930e-01
   1.19599999999998e+01  -1.25333189964294e-01
   1.19799999999998e+01  -6.27904534339905e-02
   1.19999999999998e+01   9.53990451080244e-08
   1.20199999999998e+01   6.27906396985054e-02
   1.20399999999998e+01   1.25333383679390e-01
   1.20599999999998e+01   1.87381491065025e-01
   1.20799999999998e+01   2.48690083622932e-01
   1.20999999999998e+01   3.09017211198807e-01
   1.21199999999998e+01   3.68124783039093e-01
   1.21399999999998e+01   4.25779551267624e-01
   1.21599999999998e+01   4.81753945350647e-01
   1.21799999999998e+01   5.35827040672302e-01
   1.21999999999998e+01   5.87785542011261e-01
   1.22199999999998e+01   6.37424290180206e-01
   1.22399999999998e+01   6.84547424316406e-01
   1.22599999999998e+01   7.28968918323517e-01
   1.22799999999998e+01   7.70513534545898e-01
   1.22999999999998e+01   8.09017300605774e-01
   1.23199999999998e+01   8.44328224658966e-01
   1.23399999999998e+01   8.76306951045990e-01
   1.23599999999998e+01   9.04827296733856e-01
   1.23799999999998e+01   9.29776728153229e-01
   1.23999999999998e+01   9.51056718826294e-01
   1.24199999999998e+01   9.68583345413208e-01
   1.24399999999998e+01   9.82287347316742e-01
   1.24599999999998e+01   9.92114782333374e-01
   1.24799999999998e+01   9.98026788234711e-01
   1.24999999999998e+01   1.00000000000000e+00
   1.25199999999998e+01   9.98026669025421e-01
   1.25399999999998e+01   9.92114603519440e-01
   1.25599999999998e+01   9.82287108898163e-01
   1.25799999999998e+01   9.68582928180695e-01
   1.25999999999998e+01   9.51056241989136e-01
   1.26199999999998e+01   9.29777562618256e-01
   1.26399999999998e+01   9.04826641082764e-01
   1.26599999999998e+01   8.76306235790253e-01
   1.26799999999998e+01   8.44327390193939e-01
   1.26999999999998e+01   8.09016406536102e-01
   1.27199999999998e+01   7.70515024662018e-01
   1.27399999999998e+01   7.28967905044556e-01
   1.27599999999998e+01   6.84546351432800e-01
   1.27799999999998e+01   6.37423157691956e-01
   1.27999999999998e+01   5.87784349918365e-01
   1.28199999999998e+01   5.35825848579407e-01
   1.28399999999998e+01   4.81752634048462e-01
   1.28599999999998e+01   4.25781667232513e-01
   1.28799999999998e+01   3.68123412132263e-01
   1.28999999999998e+01   3.09015810489655e-01
   1.29199999999998e+01   2.48688653111458e-01
   1.29399999999998e+01   1.87380045652390e-01
   1.29599999999998e+01   1.25335708260536e-01
   1.29799999999998e+01   6.27891719341278e-02
   1.29999999999998e+01   2.43978252001398e-06
   1.30199999999998e+01  -6.27919137477875e-02
   1.30399999999998e+01  -1.25334650278091e-01
   1.30599999999998e+01  -1.87378987669945e-01
   1.30799999999998e+01  -2.48691320419312e-01
   1.30999999999998e+01  -3.09014797210693e-01
   1.31199999999998e+01  -3.68125975131989e-01
   1.31399999999998e+01  -4.25777256488800e-01
   1.31599999999998e+01  -4.81755048036575e-01
   1.31799999999998e+01  -5.35828173160553e-01
   1.31999999999998e+01  -5.87783455848694e-01
   1.32199999999998e+01  -6.37425243854523e-01
   1.32399999999998e+01  -6.84545576572418e-01
   1.32599999999998e+01  -7.28969812393188e-01
   1.32799999999998e+01  -7.70514369010925e-01
   1.32999999999998e+01  -8.09015810489655e-01
   1.33199999999998e+01  -8.44328880310059e-01
   1.33399999999998e+01  -8.76305699348450e-01
   1.33599999999998e+01  -9.04827833175659e-01
   1.33799999999998e+01  -9.29775774478912e-01
   1.33999999999998e+01  -9.51055943965912e-01
   1.34199999999998e+01  -9.68583643436432e-01
   1.34399999999998e+01  -9.82286870479584e-01
   1.34599999999998e+01  -9.92114961147308e-01
   1.34799999999998e+01  -9.98026609420776e-01
   1.34999999999998e+01  -1.00000000000000e+00
   1.35199999999998e+01  -9.98026847839355e-01
   1.35399999999998e+01  -9.92114901542664e-01
   1.35599999999998e+01  -9.82286870479584e-01
   1.35799999999998e+01  -9.68583583831787e-01
   1.35999999999998e+01  -9.51055824756622e-01
   1.36199999999998e+01  -9.29777085781097e-01
   1.36399999999998e+01  -9.04827713966370e-01
   1.36599999999998e+01  -8.76305639743805e-01
   1.36799999999998e+01  -8.44328761100769e-01
   1.36999999999998e+01  -8.09015631675720e-01
   1.37199999999998e+01  -7.70514190196991e-01
   1.37399999999998e+01  -7.28967010974884e-01
   1.37599999999998e+01  -6.84548199176788e-01
   1.37799999999998e+01  -6.37425124645233e-01
   1.37999999999998e+01  -5.87783336639404e-01
   1.38199999999998e+01  -5.35827994346619e-01
   1.38399999999998e+01  -4.81751531362534e-01
   1.38599999999998e+01  -4.25780504941940e-01
   1.38799999999998e+01  -3.68125766515732e-01
   1.38999999999998e+01  -3.09018224477768e-01
   1.39199999999998e+01  -2.48691111803055e-01
   1.39399999999998e+01  -1.87378779053688e-01
   1.39599999999998e+01  -1.25334441661835e-01
   1.39799999999998e+01  -6.27917051315308e-02
   1.39999999999998e+01  -1.16026683372183e-06
   1.40199999999998e+01   6.27893880009651e-02
   1.40399999999998e+01   1.25335916876793e-01
   1.40599999999998e+01   1.87380254268646e-01
   1.40799999999998e+01   2.48692557215691e-01
   1.40999999999998e+01   3.09016019105911e-01
   1.41199999999998e+01   3.68123620748520e-01
   1.41399999999998e+01   4.25778388977051e-01
   1.41599999999998e+01   4.81752842664719e-01
   1.41799999999998e+01   5.35829246044159e-01
   1.41999999999998e+01   5.87784528732300e-01
   1.42199999999998e+01   6.37423336505890e-01
   1.42399999999998e+01   6.84546470642090e-01
   1.42599999999998e+01   7.28968083858490e-01
   1.42799999999998e+01   7.70512759685516e-01
   1.42999999999998e+01   8.09016525745392e-01
   1.43199999999998e+01   8.44327509403229e-01
   1.43399999999998e+01   8.76306354999542e-01
   1.43599999999998e+01   9.04826760292053e-01
   1.43799999999998e+01   9.29776251316071e-01
   1.43999999999998e+01   9.51057493686676e-01
   1.44199999999998e+01   9.68582987785339e-01
   1.44399999999998e+01   9.82287168502808e-01
   1.44599999999998e+01   9.92115080356598e-01
   1.44799999999998e+01   9.98026669025421e-01
   1.44999999999998e+01   1.00000000000000e+00
   1.45199999999998e+01   9.98026788234711e-01
   1.45399999999998e+01   9.92114305496216e-01
   1.45599999999998e+01   9.82287347316742e-01
   1.45799999999998e+01   9.68583285808563e-01
   1.45999999999998e+01   9.51055467128754e-01
   1.46199999999998e+01   9.29776608943939e-01
   1.46399999999998e+01   9.04827177524567e-01
   1.46599999999998e+01   8.76306831836700e-01
   1.46799999999998e+01   8.44330132007599e-01
   1.46999999999998e+01   8.09017121791840e-01
   1.47199999999998e+01   7.70513415336609e-01
   1.47399999999998e+01   7.28966176509857e-01
   1.47599999999998e+01   6.84547245502472e-01
   1.47799999999998e+01   6.37424111366272e-01
   1.47999999999998e+01   5.87785363197327e-01
   1.48199999999998e+01   5.35830080509186e-01
   1.48399999999998e+01   4.81753736734390e-01
   1.48599999999998e+01   4.25779342651367e-01
   1.48799999999998e+01   3.68121027946472e-01
   1.48999999999998e+01   3.09017002582550e-01
   1.49199999999998e+01   2.48689875006676e-01
   1.49399999999998e+01   1.87381267547607e-01
   1.49599999999998e+01   1.25336945056915e-01
   1.49799999999998e+01   6.27904236316681e-02
   1.49999999999998e+01  -1.19248809937744e-07
   1.50199999999998e+01  -6.27868548035622e-02
   1.50399999999998e+01  -1.25333398580551e-01
   1.50599999999998e+01  -1.87381505966187e-01
   1.50799999999998e+01  -2.48693794012070e-01
   1.50999999999998e+01  -3.09017241001129e-01
   1.51199999999998e+01  -3.68124812841415e-01
   1.51399999999998e+01  -4.25779551267624e-01
   1.51599999999998e+01  -4.81750607490540e-01
   1.51799999999998e+01  -5.35827100276947e-01
   1.51999999999998e+01  -5.87785542011261e-01
   1.52199999999998e+01  -6.37427210807800e-01
   1.52399999999998e+01  -6.84547424316406e-01
   1.52599999999998e+01  -7.28968918323517e-01
   1.52799999999998e+01  -7.70513534545898e-01
   1.52999999999998e+01  -8.09015035629272e-01
   1.53199999999998e+01  -8.44328224658966e-01
   1.53399999999998e+01  -8.76306951045990e-01
   1.53599999999998e+01  -9.04825687408447e-01
   1.53799999999998e+01  -9.29776728153229e-01
   1.53999999999998e+01  -9.51056718826294e-01
   1.54199999999998e+01  -9.68583345413208e-01
   1.54399999999998e+01  -9.82286691665649e-01
   1.54599999999998e+01  -9.92114782333374e-01
   1.54799999999998e+01  -9.98026788234711e-01
   1.54999999999998e+01  -1.00000000000000e+00
   1.55199999999998e+01  -9.98026669025421e-01
   1.55399999999998e+01  -9.92114603519440e-01
   1.55599999999998e+01  -9.82287108898163e-01
   1.55799999999998e+01  -9.68583881855011e-01
   1.55999999999998e+01  -9.51056241989136e-01
   1.56199999999998e+01  -9.29776132106781e-01
   1.56399999999998e+01  -9.04828250408173e-01
   1.56599999999998e+01  -8.76306235790253e-01
   1.56799999999998e+01  -8.44327390193939e-01
   1.56999999999998e+01  -8.09018611907959e-01
   1.57199999999998e+01  -7.70515024662018e-01
   1.57399999999998e+01  -7.28967905044556e-01
   1.57599999999998e+01  -6.84546291828156e-01
   1.57799999999998e+01  -6.37426078319550e-01
   1.57999999999998e+01  -5.87784349918365e-01
   1.58199999999998e+01  -5.35825788974762e-01
   1.58399999999998e+01  -4.81755971908569e-01
   1.58599999999998e+01  -4.25778180360794e-01
   1.58799999999998e+01  -3.68123382329941e-01
   1.58999999999997e+01  -3.09015780687332e-01
   1.59199999999997e+01  -2.48692333698273e-01
   1.59399999999997e+01  -1.87380015850067e-01
   1.59599999999997e+01  -1.25331893563271e-01
   1.59799999999997e+01  -6.27929568290710e-02
   1.59999999999997e+01   1.39876442517561e-06
   1.60199999999997e+01   6.27919435501099e-02
   1.60399999999997e+01   1.25330880284309e-01
   1.60599999999997e+01   1.87379017472267e-01
   1.60799999999997e+01   2.48691335320473e-01
   1.60999999999997e+01   3.09018433094025e-01
   1.61199999999997e+01   3.68122458457947e-01
   1.61399999999997e+01   4.25780713558197e-01
   1.61599999999997e+01   4.81755077838898e-01
   1.61799999999997e+01   5.35824954509735e-01
   1.61999999999997e+01   5.87783515453339e-01
   1.62199999999997e+01   6.37425303459167e-01
   1.62399999999997e+01   6.84548377990723e-01
   1.62599999999997e+01   7.28967189788818e-01
   1.62799999999997e+01   7.70514369010925e-01
   1.62999999999997e+01   8.09018015861511e-01
   1.63199999999997e+01   8.44326853752136e-01
   1.63399999999997e+01   8.76305699348450e-01
   1.63599999999997e+01   9.04827833175659e-01
   1.63799999999997e+01   9.29775774478912e-01
   1.63999999999997e+01   9.51055943965912e-01
   1.64199999999997e+01   9.68583643436432e-01
   1.64399999999997e+01   9.82287645339966e-01
   1.64599999999997e+01   9.92114484310150e-01
   1.64799999999997e+01   9.98026609420776e-01
   1.64999999999997e+01   1.00000000000000e+00
   1.65199999999997e+01   9.98026847839355e-01
   1.65399999999997e+01   9.92114901542664e-01
   1.65599999999997e+01   9.82286870479584e-01
   1.65799999999997e+01   9.68582630157471e-01
   1.65999999999997e+01   9.51057016849518e-01
   1.66199999999997e+01   9.29777085781097e-01
   1.66399999999997e+01   9.04826104640961e-01
   1.66599999999997e+01   8.76307427883148e-01
   1.66799999999997e+01   8.44328761100769e-01
   1.66999999999997e+01   8.09015631675720e-01
   1.67199999999997e+01   7.70511746406555e-01
   1.67399999999997e+01   7.28969633579254e-01
   1.67599999999997e+01   6.84548139572144e-01
   1.67799999999997e+01   6.37422144412994e-01
   1.67999999999997e+01   5.87786376476288e-01
   1.68199999999997e+01   5.35827934741974e-01
   1.68399999999997e+01   4.81751501560211e-01
   1.68599999999997e+01   4.25780475139618e-01
   1.68799999999997e+01   3.68125766515732e-01
   1.68999999999997e+01   3.09014558792114e-01
   1.69199999999997e+01   2.48687386512756e-01
   1.69399999999997e+01   1.87382504343987e-01
   1.69599999999997e+01   1.25334411859512e-01
   1.69799999999997e+01   6.27878755331039e-02
   1.69999999999997e+01   1.13641715415724e-06
   1.70199999999997e+01  -6.27894103527069e-02
   1.70399999999997e+01  -1.25335946679115e-01
   1.70599999999997e+01  -1.87384024262428e-01
   1.70799999999997e+01  -2.48688891530037e-01
   1.70999999999997e+01  -3.09016048908234e-01
   1.71199999999997e+01  -3.68127197027206e-01
   1.71399999999997e+01  -4.25778418779373e-01
   1.71599999999997e+01  -4.81752872467041e-01
   1.71799999999997e+01  -5.35829246044159e-01
   1.71999999999997e+01  -5.87784528732300e-01
   1.72199999999997e+01  -6.37423336505890e-01
   1.72399999999997e+01  -6.84546530246735e-01
   1.72599999999997e+01  -7.28970706462860e-01
   1.72799999999997e+01  -7.70512759685516e-01
   1.72999999999997e+01  -8.09016525745392e-01
   1.73199999999997e+01  -8.44329595565796e-01
   1.73399999999997e+01  -8.76306354999542e-01
   1.73599999999997e+01  -9.04826760292053e-01
   1.73799999999997e+01  -9.29776251316071e-01
   1.73999999999997e+01  -9.51057493686676e-01
   1.74199999999997e+01  -9.68582987785339e-01
   1.74399999999997e+01  -9.82287168502808e-01
   1.74599999999997e+01  -9.92115139961243e-01
   1.74799999999997e+01  -9.98026669025421e-01
   1.74999999999997e+01  -1.00000000000000e+00
   1.75199999999997e+01  -9.98026728630066e-01
   1.75399999999997e+01  -9.92115259170532e-01
   1.75599999999997e+01  -9.82287347316742e-01
   1.75799999999997e+01  -9.68583285808563e-01
   1.75999999999997e+01  -9.51055467128754e-01
   1.76199999999997e+01  -9.29776608943939e-01
   1.76399999999997e+01  -9.04827177524567e-01
   1.76599999999997e+01  -8.76304984092712e-01
   1.76799999999997e+01  -8.44328045845032e-01
   1.76999999999997e+01  -8.09017121791840e-01
   1.77199999999997e+01  -7.70513355731964e-01
   1.77399999999997e+01  -7.28966116905212e-01
   1.77599999999997e+01  -6.84547245502472e-01
   1.77799999999997e+01  -6.37424111366272e-01
   1.77999999999997e+01  -5.87782263755798e-01
   1.78199999999997e+01  -5.35826861858368e-01
   1.78399999999997e+01  -4.81753736734390e-01
   1.78599999999997e+01  -4.25779312849045e-01
   1.78799999999997e+01  -3.68128120899200e-01
   1.78999999999997e+01  -3.09016972780228e-01
   1.79199999999997e+01  -2.48689845204353e-01
   1.79399999999997e+01  -1.87377497553825e-01
   1.79599999999997e+01  -1.25333145260811e-01
   1.79799999999997e+01  -6.27904012799263e-02
   1.79999999999997e+01   1.43098560556609e-07
   1.80199999999997e+01   6.27868771553040e-02
   1.80399999999997e+01   1.25333428382874e-01
   1.80599999999997e+01   1.87381535768509e-01
   1.80799999999997e+01   2.48693823814392e-01
   1.80999999999997e+01   3.09017241001129e-01
   1.81199999999997e+01   3.68124842643738e-01
   1.81399999999997e+01   4.25779581069946e-01
   1.81599999999997e+01   4.81750637292862e-01
   1.81799999999997e+01   5.35827100276947e-01
   1.81999999999997e+01   5.87785601615906e-01
   1.82199999999997e+01   6.37421369552612e-01
   1.82399999999997e+01   6.84547424316406e-01
   1.82599999999997e+01   7.28968977928162e-01
   1.82799999999997e+01   7.70513534545898e-01
   1.82999999999997e+01   8.09015035629272e-01
   1.83199999999997e+01   8.44328224658966e-01
   1.83399999999997e+01   8.76306951045990e-01
   1.83599999999997e+01   9.04825687408447e-01
   1.83799999999997e+01   9.29776728153229e-01
   1.83999999999997e+01   9.51056718826294e-01
   1.84199999999997e+01   9.68583345413208e-01
   1.84399999999997e+01   9.82286691665649e-01
   1.84599999999997e+01   9.92114782333374e-01
   1.84799999999997e+01   9.98026788234711e-01
   1.84999999999997e+01   1.00000000000000e+00
   1.85199999999997e+01   9.98026669025421e-01
   1.85399999999997e+01   9.92114603519440e-01
   1.85599999999997e+01   9.82287824153900e-01
   1.85799999999997e+01   9.68583881855011e-01
   1.85999999999997e+01   9.51056241989136e-01
   1.86199999999997e+01   9.29776132106781e-01
   1.86399999999997e+01   9.04828250408173e-01
   1.86599999999997e+01   8.76306176185608e-01
   1.86799999999997e+01   8.44327390193939e-01
   1.86999999999997e+01   8.09018611907959e-01
   1.87199999999997e+01   7.70512580871582e-01
   1.87399999999997e+01   7.28967905044556e-01
   1.87599999999997e+01   6.84546291828156e-01
   1.87799999999997e+01   6.37426078319550e-01
   1.87999999999997e+01   5.87784290313721e-01
   1.88199999999997e+01   5.35825788974762e-01
   1.88399999999997e+01   4.81755942106247e-01
   1.88599999999997e+01   4.25778180360794e-01
   1.88799999999997e+01   3.68123382329941e-01
   1.88999999999997e+01   3.09019386768341e-01
   1.89199999999997e+01   2.48692303895950e-01
   1.89399999999997e+01   1.87379986047745e-01
   1.89599999999997e+01   1.25331878662109e-01
   1.89799999999997e+01   6.27929344773293e-02
   1.89999999999997e+01  -1.42261421842704e-06
   1.90199999999997e+01  -6.27919659018517e-02
   1.90399999999997e+01  -1.25330910086632e-01
   1.90599999999997e+01  -1.87379047274590e-01
   1.90799999999997e+01  -2.48691365122795e-01
   1.90999999999997e+01  -3.09018462896347e-01
   1.91199999999997e+01  -3.68122458457947e-01
   1.91399999999997e+01  -4.25780743360519e-01
   1.91599999999997e+01  -4.81755107641220e-01
   1.91799999999997e+01  -5.35824954509735e-01
   1.91999999999997e+01  -5.87783515453339e-01
   1.92199999999997e+01  -6.37425303459167e-01
   1.92399999999997e+01  -6.84545576572418e-01
   1.92599999999997e+01  -7.28967189788818e-01
   1.92799999999997e+01  -7.70514369010925e-01
   1.92999999999997e+01  -8.09018075466156e-01
   1.93199999999997e+01  -8.44326853752136e-01
   1.93399999999997e+01  -8.76305758953094e-01
   1.93599999999997e+01  -9.04827833175659e-01
   1.93799999999997e+01  -9.29775774478912e-01
   1.93999999999997e+01  -9.51055943965912e-01
   1.94199999999997e+01  -9.68583643436432e-01
   1.94399999999997e+01  -9.82287645339966e-01
   1.94599999999997e+01  -9.92114484310150e-01
   1.94799999999997e+01  -9.98026847839355e-01
   1.94999999999997e+01  -1.00000000000000e+00
   1.95199999999997e+01  -9.98026847839355e-01
   1.95399999999997e+01  -9.92114901542664e-01
   1.95599999999997e+01  -9.82286870479584e-01
   1.95799999999997e+01  -9.68582630157471e-01
   1.95999999999997e+01  -9.51057016849518e-01
   1.96199999999997e+01  -9.29775655269623e-01
   1.96399999999997e+01  -9.04826104640961e-01
   1.96599999999997e+01  -8.76307427883148e-01
   1.96799999999997e+01  -8.44328761100769e-01
   1.96999999999997e+01  -8.09015631675720e-01
   1.97199999999997e+01  -7.70514190196991e-01
   1.97399999999997e+01  -7.28969633579254e-01
   1.97599999999997e+01  -6.84545338153839e-01
   1.97799999999997e+01  -6.37422144412994e-01
   1.97999999999997e+01  -5.87786376476288e-01
   1.98199999999997e+01  -5.35827934741974e-01
   1.98399999999997e+01  -4.81751471757889e-01
   1.98599999999997e+01  -4.25780475139618e-01
   1.98799999999997e+01  -3.68125736713409e-01
   1.98999999999997e+01  -3.09014558792114e-01
   1.99199999999997e+01  -2.48687371611595e-01
   1.99399999999997e+01  -1.87382489442825e-01
   1.99599999999997e+01  -1.25334382057190e-01
   1.99799999999997e+01  -6.27878457307816e-02
