   0.00000000000000e+00   0.00000000000000e+00   0.00000000000000e+00
   2.00000004470348e-01   6.28314414135689e-01   9.99999977648258e-03
   2.00000004470348e-01   6.28289640954650e-01   1.99999995529652e-02
   2.00000004470348e-01   6.28240141158703e-01   2.99999993294477e-02
   2.00000004470348e-01   6.28165542218809e-01   3.99999991059303e-02
   2.00000004470348e-01   6.28066076965617e-01   4.99999988824129e-02
   2.00000004470348e-01   6.27942769853982e-01   5.99999986588955e-02
   2.00000004470348e-01   6.27793385709674e-01   6.99999984353781e-02
   2.00000004470348e-01   6.27620159706924e-01   7.99999982118607e-02
   2.00000004470349e-01   6.27421229200540e-01   8.99999979883432e-02
   2.00000004470349e-01   6.27198084306674e-01   9.99999977648258e-02
   2.00000004470349e-01   6.26950725025327e-01   1.09999997541308e-01
   2.00000004470349e-01   6.26678778827461e-01   1.19999997317791e-01
   2.00000004470349e-01   6.26380010538847e-01   1.29999997094274e-01
   2.00000004470349e-01   6.26058890507942e-01   1.39999996870756e-01
   2.00000004470349e-01   6.25710948386288e-01   1.49999996647239e-01
   2.00000004470349e-01   6.25341399580421e-01   1.59999996423721e-01
   2.00000004470349e-01   6.24943538567652e-01   1.69999996200204e-01
   2.00000004470349e-01   6.24522580754517e-01   1.79999995976686e-01
   2.00000004470349e-01   6.24078526141015e-01   1.89999995753169e-01
   2.00000004470349e-01   6.23605414262535e-01   1.99999995529652e-01
   2.00000004470349e-01   6.23114420990223e-01   2.09999995306134e-01
   2.00000004470349e-01   6.22591390220628e-01   2.19999995082617e-01
   2.00000004470349e-01   6.22050478057201e-01   2.29999994859099e-01
   2.00000004470349e-01   6.21481253686873e-01   2.39999994635582e-01
   2.00000004470349e-01   6.20888187458102e-01   2.49999994412065e-01
   2.00000004470349e-01   6.20268299138583e-01   2.59999994188547e-01
   2.00000004470349e-01   6.19627549192925e-01   2.69999993965030e-01
   2.00000004470349e-01   6.18962957388825e-01   2.79999993741512e-01
   2.00000004470349e-01   6.18270053377823e-01   2.89999993517995e-01
   2.00000004470349e-01   6.17553307508379e-01   2.99999993294477e-01
   2.00000004470349e-01   6.16818680245102e-01   3.09999993070960e-01
   2.00000004470349e-01   6.16049780310313e-01   3.19999992847443e-01
   2.00000004470349e-01   6.15262998981692e-01   3.29999992623925e-01
   2.00000004470349e-01   6.14450885678475e-01   3.39999992400408e-01
   2.00000004470349e-01   6.13611950284510e-01   3.49999992176890e-01
   2.00000004470349e-01   6.12752153264407e-01   3.59999991953373e-01
   2.00000004470349e-01   6.11865534153555e-01   3.69999991729856e-01
   2.00000004470349e-01   6.10959543532719e-01   3.79999991506338e-01
   2.00000004470349e-01   6.10022260472676e-01   3.89999991282821e-01
   2.00000004470349e-01   6.09064115786495e-01   3.99999991059303e-01
   2.00000004470349e-01   6.08088089706483e-01   4.09999990835786e-01
   2.00000004470349e-01   6.07076300838805e-01   4.19999990612268e-01
   2.00000004470349e-01   6.06048120693448e-01   4.29999990388751e-01
   2.00000004470349e-01   6.04993118457342e-01   4.39999990165234e-01
   2.00000004470349e-01   6.03917254595099e-01   4.49999989941716e-01
   2.00000004470349e-01   6.02817548874413e-01   4.59999989718199e-01
   2.00000004470349e-01   6.01688040830673e-01   4.69999989494681e-01
   2.00000004470349e-01   6.00543631625406e-01   4.79999989271164e-01
   2.00000004470349e-01   5.99366439864779e-01   4.89999989047647e-01
   2.00000004470349e-01   5.98174346942626e-01   4.99999988824129e-01
   2.00000004470349e-01   5.96949471465114e-01   5.09999988600612e-01
   2.00000004470349e-01   5.95709694826075e-01   5.19999988377094e-01
   2.00000004470349e-01   5.94443096096287e-01   5.29999988153577e-01
   2.00000004470349e-01   5.93149675275751e-01   5.39999987930059e-01
   2.00000004470349e-01   5.91841353293688e-01   5.49999987706542e-01
   2.00000004470349e-01   5.90500248756265e-01   5.59999987483025e-01
   2.00000004470349e-01   5.89138282592705e-01   5.69999987259507e-01
   2.00000004470349e-01   5.87755454803008e-01   5.79999987035990e-01
   2.00000004470349e-01   5.86348785154867e-01   5.89999986812472e-01
   2.00000004470349e-01   5.84915293415978e-01   5.99999986588955e-01
   2.00000004470349e-01   5.83466900515562e-01   6.09999986365438e-01
   2.00000004470349e-01   5.81994665756702e-01   6.19999986141920e-01
   2.00000004470347e-01   5.80483687977873e-01   6.29999985918403e-01
   2.00000004470349e-01   5.78969729966739e-01   6.39999985694885e-01
   2.00000004470349e-01   5.77422989400245e-01   6.49999985471368e-01
   2.00000004470349e-01   5.75852406975308e-01   6.59999985247850e-01
   2.00000004470349e-01   5.74266923388845e-01   6.69999985024333e-01
   2.00000004470349e-01   5.72651637479327e-01   6.79999984800816e-01
   2.00000004470349e-01   5.71012509711366e-01   6.89999984577298e-01
   2.00000004470349e-01   5.69355500549574e-01   6.99999984353781e-01
   2.00000004470349e-01   5.67677629761643e-01   7.09999984130263e-01
   2.00000004470349e-01   5.65969956650659e-01   7.19999983906746e-01
   2.00000004470349e-01   5.64247382378147e-01   7.29999983683228e-01
   2.00000004470349e-01   5.62495005782582e-01   7.39999983459711e-01
   2.00000004470349e-01   5.60730708257795e-01   7.49999983236194e-01
   2.00000004470349e-01   5.58939588642260e-01   7.59999983012676e-01
   2.00000004470349e-01   5.57115686471366e-01   7.69999982789159e-01
   2.00000004470349e-01   5.55288804068166e-01   7.79999982565641e-01
   2.00000004470349e-01   5.53429139109607e-01   7.89999982342124e-01
   2.00000004470349e-01   5.51542652060300e-01   7.99999982118607e-01
   2.00000004470349e-01   5.49647224314076e-01   8.09999981895089e-01
   2.00000004470349e-01   5.47724974477104e-01   8.19999981671572e-01
   2.00000004470349e-01   5.45769942084773e-01   8.29999981448054e-01
   2.00000004470349e-01   5.43811929460136e-01   8.39999981224537e-01
   2.00000004470349e-01   5.41818154047835e-01   8.49999981001019e-01
   2.00000004470349e-01   5.39815437938618e-01   8.59999980777502e-01
   2.00000004470349e-01   5.37782919506347e-01   8.69999980553985e-01
   2.00000004470349e-01   5.35726559215633e-01   8.79999980330467e-01
   2.00000004470349e-01   5.33658277995697e-01   8.89999980106950e-01
   2.00000004470349e-01   5.31560194452707e-01   8.99999979883432e-01
   2.00000004470349e-01   5.29444229515885e-01   9.09999979659915e-01
   2.00000004470349e-01   5.27310383185231e-01   9.19999979436398e-01
   2.00000004470349e-01   5.25152694996134e-01   9.29999979212880e-01
   2.00000004470349e-01   5.22971164948594e-01   9.39999978989363e-01
   2.00000004470349e-01   5.20777713971832e-01   9.49999978765845e-01
   2.00000004470349e-01   5.18560421136627e-01   9.59999978542328e-01
   2.00000004470349e-01   5.16313325978368e-01   9.69999978318810e-01
   2.00000004470349e-01   5.14060270355499e-01   9.79999978095293e-01
   2.00000004470349e-01   5.11777412409576e-01   9.89999977871776e-01
   2.00000004470349e-01   5.09476673069820e-01   9.99999977648258e-01
   2.00000004470349e-01   5.07158052336232e-01   1.00999997742474e+00
   2.00000004470349e-01   5.04815589744201e-01   1.01999997720122e+00
   2.00000004470349e-01   5.02455245758338e-01   1.02999997697771e+00
   2.00000004470349e-01   5.00077020378642e-01   1.03999997675419e+00
   2.00000004470349e-01   4.97674953140504e-01   1.04999997653067e+00
   2.00000004470349e-01   4.95255004508533e-01   1.05999997630715e+00
   2.00000004470349e-01   4.92817174482729e-01   1.06999997608364e+00
   2.00000004470349e-01   4.90355502598483e-01   1.07999997586012e+00
   2.00000004470349e-01   4.87881909785015e-01   1.08999997563660e+00
   2.00000004470349e-01   4.85390435577715e-01   1.09999997541308e+00
   2.00000004470349e-01   4.82863198582751e-01   1.10999997518957e+00
   2.00000004470349e-01   4.80330001123175e-01   1.11999997496605e+00
   2.00000004470349e-01   4.77772961805156e-01   1.12999997474253e+00
   2.00000004470349e-01   4.75204001557916e-01   1.13999997451901e+00
   2.00000004470349e-01   4.72611199452233e-01   1.14999997429550e+00
   2.00000004470349e-01   4.70000515952718e-01   1.15999997407198e+00
   2.00000004470349e-01   4.67371951059370e-01   1.16999997384846e+00
   2.00000004470349e-01   4.64719544307579e-01   1.17999997362494e+00
   2.00000004470349e-01   4.62055216626567e-01   1.18999997340143e+00
   2.00000004470349e-01   4.59373007551722e-01   1.19999997317791e+00
   2.00000004470349e-01   4.56678877547656e-01   1.20999997295439e+00
   2.00000004470349e-01   4.53943024291315e-01   1.21999997273088e+00
   2.00000004470349e-01   4.51207171034973e-01   1.22999997250736e+00
   2.00000004470349e-01   4.48465357314021e-01   1.23999997228384e+00
   2.00000004470346e-01   4.45675859876183e-01   1.24999997206032e+00
   2.00000004470349e-01   4.42886362438344e-01   1.25999997183681e+00
   2.00000004470349e-01   4.40084944071284e-01   1.26999997161329e+00
   2.00000004470349e-01   4.37253723381170e-01   1.27999997138977e+00
   2.00000004470349e-01   4.34410581761835e-01   1.28999997116625e+00
   2.00000004470349e-01   4.31555519213278e-01   1.29999997094274e+00
   2.00000004470349e-01   4.28664693877057e-01   1.30999997071922e+00
   2.00000004470349e-01   4.25779829005446e-01   1.31999997049570e+00
   2.00000004470349e-01   4.22865161810782e-01   1.32999997027218e+00
   2.00000004470349e-01   4.19938573686896e-01   1.33999997004867e+00
   2.00000004470349e-01   4.16988143704567e-01   1.34999996982515e+00
   2.00000004470349e-01   4.14037713722238e-01   1.35999996960163e+00
   2.00000004470349e-01   4.11051520952244e-01   1.36999996937811e+00
   2.00000004470349e-01   4.08059367717639e-01   1.37999996915460e+00
   2.00000004470349e-01   4.05049333089203e-01   1.38999996893108e+00
   2.00000004470349e-01   4.02021417066934e-01   1.39999996870756e+00
   2.00000004470349e-01   3.98981580115443e-01   1.40999996848404e+00
   2.00000004470349e-01   3.95923861770120e-01   1.41999996826053e+00
   2.00000004470349e-01   3.92854222495576e-01   1.42999996803701e+00
   2.00000004470349e-01   3.89760741362588e-01   1.43999996781349e+00
   2.00000004470349e-01   3.86655339300379e-01   1.44999996758997e+00
   2.00000004470349e-01   3.83538016308949e-01   1.45999996736646e+00
   2.00000004470349e-01   3.80402811923686e-01   1.46999996714294e+00
   2.00000004470349e-01   3.77255686609202e-01   1.47999996691942e+00
   2.00000004470349e-01   3.74096640365496e-01   1.48999996669590e+00
   2.00000004470349e-01   3.70907791798736e-01   1.49999996647239e+00
   2.00000004470349e-01   3.67712982767365e-01   1.50999996624887e+00
   2.00000004470349e-01   3.64512213271384e-01   1.51999996602535e+00
   2.00000004470349e-01   3.61287601916960e-01   1.52999996580184e+00
   2.00000004470349e-01   3.58045109168703e-01   1.53999996557832e+00
   2.00000004470349e-01   3.54802616420447e-01   1.54999996535480e+00
   2.00000004470349e-01   3.51530321349136e-01   1.55999996513128e+00
   2.00000004470349e-01   3.48252065813215e-01   1.56999996490777e+00
   2.00000004470349e-01   3.44961889348072e-01   1.57999996468425e+00
   2.00000004470349e-01   3.41653831489097e-01   1.58999996446073e+00
   2.00000004470349e-01   3.38327892236290e-01   1.59999996423721e+00
   2.00000004470349e-01   3.35007913448093e-01   1.60999996401370e+00
   2.00000004470349e-01   3.31652171872232e-01   1.61999996379018e+00
   2.00000004470349e-01   3.28296430296371e-01   1.62999996356666e+00
   2.00000004470349e-01   3.24928767791288e-01   1.63999996334314e+00
   2.00000004470349e-01   3.21531302963152e-01   1.64999996311963e+00
   2.00000004470349e-01   3.18133838135015e-01   1.65999996289611e+00
   2.00000004470349e-01   3.14736373306879e-01   1.66999996267259e+00
   2.00000004470349e-01   3.11303145691078e-01   1.67999996244907e+00
   2.00000004470349e-01   3.07869918075277e-01   1.68999996222556e+00
   2.00000004470349e-01   3.04418809065643e-01   1.69999996200204e+00
   2.00000004470349e-01   3.00967700056010e-01   1.70999996177852e+00
   2.00000004470349e-01   2.97492749187933e-01   1.71999996155500e+00
   2.00000004470349e-01   2.94005877390635e-01   1.72999996133149e+00
   2.00000004470349e-01   2.90513045128726e-01   1.73999996110797e+00
   2.00000004470349e-01   2.87008291937596e-01   1.74999996088445e+00
   2.00000004470349e-01   2.83485657352634e-01   1.75999996066093e+00
   2.00000004470349e-01   2.79968983232282e-01   1.76999996043742e+00
   2.00000004470349e-01   2.76416546324265e-01   1.77999996021390e+00
   2.00000004470349e-01   2.72870069880860e-01   1.78999995999038e+00
   2.00000004470349e-01   2.69311672508232e-01   1.79999995976686e+00
   2.00000004470349e-01   2.65735393741773e-01   1.80999995954335e+00
   2.00000004470349e-01   2.62153154510703e-01   1.81999995931983e+00
   2.00000004470349e-01   2.58564954815022e-01   1.82999995909631e+00
   2.00000004470349e-01   2.54958873725508e-01   1.83999995887280e+00
   2.00000004470349e-01   2.51346832171384e-01   1.84999995864928e+00
   2.00000004470349e-01   2.47716909223428e-01   1.85999995842576e+00
   2.00000004470349e-01   2.44092946740082e-01   1.86999995820224e+00
   2.00000004470349e-01   2.40445142398294e-01   1.87999995797873e+00
   2.00000004470349e-01   2.36797338056505e-01   1.88999995775521e+00
   2.00000004470349e-01   2.33131652320884e-01   1.89999995753169e+00
   2.00000004470349e-01   2.29460006120652e-01   1.90999995730817e+00
   2.00000004470349e-01   2.25788359920420e-01   1.91999995708466e+00
   2.00000004470349e-01   2.22092871861746e-01   1.92999995686114e+00
   2.00000004470349e-01   2.18391423338460e-01   1.93999995663762e+00
   2.00000004470349e-01   2.14695935279785e-01   1.94999995641410e+00
   2.00000004470349e-01   2.10976605362667e-01   1.95999995619059e+00
   2.00000004470349e-01   2.07251314980939e-01   1.96999995596707e+00
   2.00000004470349e-01   2.03526024599210e-01   1.97999995574355e+00
   2.00000004470349e-01   1.99782852823649e-01   1.98999995552003e+00
   2.00000004470349e-01   1.96039681048088e-01   1.99999995529652e+00
   2.00000004470349e-01   1.92278627878695e-01   2.00999995507300e+00
   2.00000004470349e-01   1.88523535173912e-01   2.01999995484948e+00
   2.00000004470349e-01   1.84750561075298e-01   2.02999995462596e+00
   2.00000004470349e-01   1.80971626512072e-01   2.03999995440245e+00
   2.00000004470349e-01   1.77192691948847e-01   2.04999995417893e+00
   2.00000004470349e-01   1.73395875991789e-01   2.05999995395541e+00
   2.00000004470349e-01   1.69599060034731e-01   2.06999995373189e+00
   2.00000004470349e-01   1.65796283613062e-01   2.07999995350838e+00
   2.00000004470349e-01   1.61987546726783e-01   2.08999995328486e+00
   2.00000004470349e-01   1.58166888911282e-01   2.09999995306134e+00
   2.00000004470349e-01   1.54346231095781e-01   2.10999995283782e+00
   2.00000004470349e-01   1.50513652351059e-01   2.11999995261431e+00
   2.00000004470349e-01   1.46675113141726e-01   2.12999995239079e+00
   2.00000004470349e-01   1.42836573932392e-01   2.13999995216727e+00
   2.00000004470349e-01   1.38986113793838e-01   2.14999995194376e+00
   2.00000004470349e-01   1.35135653655283e-01   2.15999995172024e+00
   2.00000004470349e-01   1.31279233052117e-01   2.16999995149672e+00
   2.00000004470349e-01   1.27416851984341e-01   2.17999995127320e+00
   2.00000004470349e-01   1.23542549987343e-01   2.18999995104969e+00
   2.00000004470349e-01   1.19680168919567e-01   2.19999995082617e+00
   2.00000004470349e-01   1.15793945993348e-01   2.20999995060265e+00
   2.00000004470349e-01   1.11913683531739e-01   2.21999995037913e+00
   2.00000004470349e-01   1.08021500140909e-01   2.22999995015562e+00
   2.00000004470349e-01   1.04135277214690e-01   2.23999994993210e+00
   2.00000004470349e-01   1.00243093823860e-01   2.24999994970858e+00
   2.00000004470349e-01   9.63389895038081e-02   2.25999994948506e+00
   2.00000004470349e-01   9.24348851837565e-02   2.26999994926155e+00
   2.00000004470349e-01   8.85307808637048e-02   2.27999994903803e+00
   2.00000004470349e-01   8.46207160790425e-02   2.28999994881451e+00
   2.00000004470349e-01   8.07106512943801e-02   2.29999994859099e+00
   2.00000004470349e-01   7.67886655804962e-02   2.30999994836748e+00
   2.00000004470349e-01   7.28666798666123e-02   2.31999994814396e+00
   2.00000004470349e-01   6.89506546173391e-02   2.32999994792044e+00
   2.00000004470349e-01   6.50227084388444e-02   2.33999994769692e+00
   2.00000004470349e-01   6.10947622603497e-02   2.34999994747341e+00
   2.00000004470349e-01   5.71668160818551e-02   2.35999994724989e+00
   2.00000004470349e-01   5.32329094387496e-02   2.36999994702637e+00
   2.00000004470349e-01   4.92930423310334e-02   2.37999994680285e+00
   2.00000004470349e-01   4.53650961525387e-02   2.38999994657934e+00
   2.00000004470349e-01   4.14192685802117e-02   2.39999994635582e+00
   2.00000004470349e-01   3.74794014724955e-02   2.40999994613230e+00
   2.00000004470349e-01   3.35454948293901e-02   2.41999994590878e+00
   2.00000004470349e-01   2.95937067924523e-02   2.42999994568527e+00
   2.00000004470349e-01   2.56538396847361e-02   2.43999994546175e+00
   2.00000004470349e-01   2.17080121124091e-02   2.44999994523823e+00
   2.00000004470349e-01   1.77681450046929e-02   2.45999994501472e+00
   2.00000004470349e-01   1.38163569677552e-02   2.46999994479120e+00
   2.00000004470349e-01   9.86456893081745e-03   2.47999994456768e+00
   2.00000004470349e-01   5.92470182310123e-03   2.48999994434416e+00
   2.00000004470343e-01   1.97291378616349e-03   2.49999994412065e+00
   2.00000004470349e-01  -1.97291378616349e-03   2.50999994389713e+00
   2.00000004470349e-01  -5.92470182310123e-03   2.51999994367361e+00
   2.00000004470349e-01  -9.86456893081745e-03   2.52999994345009e+00
   2.00000004470349e-01  -1.38163569677552e-02   2.53999994322658e+00
   2.00000004470349e-01  -1.77681450046929e-02   2.54999994300306e+00
   2.00000004470349e-01  -2.17080121124091e-02   2.55999994277954e+00
   2.00000004470349e-01  -2.56538396847361e-02   2.56999994255602e+00
   2.00000004470349e-01  -2.95937067924523e-02   2.57999994233251e+00
   2.00000004470349e-01  -3.35454948293901e-02   2.58999994210899e+00
   2.00000004470349e-01  -3.74794014724955e-02   2.59999994188547e+00
   2.00000004470349e-01  -4.14192685802117e-02   2.60999994166195e+00
   2.00000004470349e-01  -4.53650961525387e-02   2.61999994143844e+00
   2.00000004470349e-01  -4.92930423310334e-02   2.62999994121492e+00
   2.00000004470349e-01  -5.32329094387496e-02   2.63999994099140e+00
   2.00000004470349e-01  -5.71668160818551e-02   2.64999994076788e+00
   2.00000004470349e-01  -6.10947622603497e-02   2.65999994054437e+00
   2.00000004470349e-01  -6.50227084388444e-02   2.66999994032085e+00
   2.00000004470349e-01  -6.89446941527283e-02   2.67999994009733e+00
   2.00000004470349e-01  -7.28726403312230e-02   2.68999993987381e+00
   2.00000004470349e-01  -7.67886655804962e-02   2.69999993965030e+00
   2.00000004470349e-01  -8.07106512943801e-02   2.70999993942678e+00
   2.00000004470349e-01  -8.46207160790425e-02   2.71999993920326e+00
   2.00000004470349e-01  -8.85248203990941e-02   2.72999993897974e+00
   2.00000004470349e-01  -9.24408456483672e-02   2.73999993875623e+00
   2.00000004470349e-01  -9.63449499684188e-02   2.74999993853271e+00
   2.00000004470349e-01  -1.00237133359249e-01   2.75999993830919e+00
   2.00000004470349e-01  -1.04135277214690e-01   2.76999993808568e+00
   2.00000004470349e-01  -1.08027460605520e-01   2.77999993786216e+00
   2.00000004470349e-01  -1.11907723067128e-01   2.78999993763864e+00
   2.00000004470349e-01  -1.15799906457959e-01   2.79999993741512e+00
   2.00000004470349e-01  -1.19674208454956e-01   2.80999993719161e+00
   2.00000004470349e-01  -1.23542549987343e-01   2.81999993696809e+00
   2.00000004470349e-01  -1.27416851984341e-01   2.82999993674457e+00
   2.00000004470349e-01  -1.31279233052117e-01   2.83999993652105e+00
   2.00000004470349e-01  -1.35135653655283e-01   2.84999993629754e+00
   2.00000004470349e-01  -1.38986113793838e-01   2.85999993607402e+00
   2.00000004470349e-01  -1.42836573932392e-01   2.86999993585050e+00
   2.00000004470349e-01  -1.46675113141726e-01   2.87999993562698e+00
   2.00000004470349e-01  -1.50519612815669e-01   2.88999993540347e+00
   2.00000004470349e-01  -1.54340270631170e-01   2.89999993517995e+00
   2.00000004470349e-01  -1.58166888911282e-01   2.90999993495643e+00
   2.00000004470349e-01  -1.61987546726783e-01   2.91999993473291e+00
   2.00000004470349e-01  -1.65796283613062e-01   2.92999993450940e+00
   2.00000004470349e-01  -1.69599060034731e-01   2.93999993428588e+00
   2.00000004470349e-01  -1.73401836456399e-01   2.94999993406236e+00
   2.00000004470349e-01  -1.77180771019625e-01   2.95999993383884e+00
   2.00000004470349e-01  -1.80977586976683e-01   2.96999993361533e+00
   2.00000004470349e-01  -1.84756521539908e-01   2.97999993339181e+00
   2.00000004470349e-01  -1.88517574709302e-01   2.98999993316829e+00
   2.00000004470349e-01  -1.92278627878695e-01   2.99999993294477e+00
   2.00000004470349e-01  -1.96039681048088e-01   3.00999993272126e+00
   2.00000004470349e-01  -1.99782852823649e-01   3.01999993249774e+00
   2.00000004470349e-01  -2.03526024599210e-01   3.02999993227422e+00
   2.00000004470349e-01  -2.07257275445549e-01   3.03999993205070e+00
   2.00000004470349e-01  -2.10970644898057e-01   3.04999993182719e+00
   2.00000004470349e-01  -2.14695935279785e-01   3.05999993160367e+00
   2.00000004470349e-01  -2.18391423338460e-01   3.06999993138015e+00
   2.00000004470349e-01  -2.22092871861746e-01   3.07999993115664e+00
   2.00000004470349e-01  -2.25782399455810e-01   3.08999993093312e+00
   2.00000004470349e-01  -2.29471927049874e-01   3.09999993070960e+00
   2.00000004470349e-01  -2.33125691856273e-01   3.10999993048608e+00
   2.00000004470349e-01  -2.36797338056505e-01   3.11999993026257e+00
   2.00000004470349e-01  -2.40445142398294e-01   3.12999993003905e+00
   2.00000004470349e-01  -2.44086986275471e-01   3.13999992981553e+00
   2.00000004470349e-01  -2.47722869688039e-01   3.14999992959201e+00
   2.00000004470349e-01  -2.51352792635995e-01   3.15999992936850e+00
   2.00000004470349e-01  -2.54952913260898e-01   3.16999992914498e+00
   2.00000004470349e-01  -2.58564954815022e-01   3.17999992892146e+00
   2.00000004470349e-01  -2.62153154510703e-01   3.18999992869794e+00
   2.00000004470349e-01  -2.65729433277162e-01   3.19999992847443e+00
   2.00000004470349e-01  -2.69311672508232e-01   3.20999992825091e+00
   2.00000004470349e-01  -2.72876030345470e-01   3.21999992802739e+00
   2.00000004470349e-01  -2.76416546324265e-01   3.22999992780387e+00
   2.00000004470349e-01  -2.79963022767671e-01   3.23999992758036e+00
   2.00000004470349e-01  -2.83497578281855e-01   3.24999992735684e+00
   2.00000004470349e-01  -2.87002331472985e-01   3.25999992713332e+00
   2.00000004470349e-01  -2.90519005593337e-01   3.26999992690980e+00
   2.00000004470349e-01  -2.94011837855246e-01   3.27999992668629e+00
   2.00000004470349e-01  -2.97486788723323e-01   3.28999992646277e+00
   2.00000004470349e-01  -3.00967700056010e-01   3.29999992623925e+00
   2.00000004470349e-01  -3.04412848601032e-01   3.30999992601573e+00
   2.00000004470349e-01  -3.07863957610666e-01   3.31999992579222e+00
   2.00000004470349e-01  -3.11309106155688e-01   3.32999992556870e+00
   2.00000004470349e-01  -3.14736373306879e-01   3.33999992534518e+00
   2.00000004470349e-01  -3.18127877670405e-01   3.34999992512167e+00
   2.00000004470349e-01  -3.21543223892373e-01   3.35999992489815e+00
   2.00000004470349e-01  -3.24928767791288e-01   3.36999992467463e+00
   2.00000004470349e-01  -3.28284509367150e-01   3.37999992445111e+00
   2.00000004470349e-01  -3.31664092801454e-01   3.38999992422760e+00
   2.00000004470349e-01  -3.34990032054261e-01   3.39999992400408e+00
   2.00000004470349e-01  -3.38339813165511e-01   3.40999992378056e+00
   2.00000004470349e-01  -3.41659791953708e-01   3.41999992355704e+00
   2.00000004470349e-01  -3.44955928883462e-01   3.42999992333353e+00
   2.00000004470349e-01  -3.48258026277826e-01   3.43999992311001e+00
   2.00000004470349e-01  -3.51524360884525e-01   3.44999992288649e+00
   2.00000004470349e-01  -3.54802616420447e-01   3.45999992266297e+00
   2.00000004470349e-01  -3.58039148704093e-01   3.46999992243946e+00
   2.00000004470349e-01  -3.61293562381571e-01   3.47999992221594e+00
   2.00000004470349e-01  -3.64500292342163e-01   3.48999992199242e+00
   2.00000004470349e-01  -3.67724903696587e-01   3.49999992176890e+00
   2.00000004470349e-01  -3.70913752263347e-01   3.50999992154539e+00
   2.00000004470349e-01  -3.74084719436274e-01   3.51999992132187e+00
   2.00000004470349e-01  -3.77255686609202e-01   3.52999992109835e+00
   2.00000004470349e-01  -3.80414732852907e-01   3.53999992087483e+00
   2.00000004470349e-01  -3.83526095379727e-01   3.54999992065132e+00
   2.00000004470349e-01  -3.86667260229601e-01   3.55999992042780e+00
   2.00000004470349e-01  -3.89766701827199e-01   3.56999992020428e+00
   2.00000004470349e-01  -3.92842301566354e-01   3.57999991998076e+00
   2.00000004470349e-01  -3.95929822234731e-01   3.58999991975725e+00
   2.00000004470349e-01  -3.98975619650832e-01   3.59999991953373e+00
   2.00000004470349e-01  -4.02009496137712e-01   3.60999991931021e+00
   2.00000004470349e-01  -4.05055293553813e-01   3.61999991908669e+00
   2.00000004470349e-01  -4.08071288646861e-01   3.62999991886318e+00
   2.00000004470349e-01  -4.11039600023022e-01   3.63999991863966e+00
   2.00000004470349e-01  -4.14037713722238e-01   3.64999991841614e+00
   2.00000004470349e-01  -4.17000064633788e-01   3.65999991819263e+00
   2.00000004470349e-01  -4.19926652757674e-01   3.66999991796911e+00
   2.00000004470349e-01  -4.22877082740003e-01   3.67999991774559e+00
   2.00000004470349e-01  -4.25779829005446e-01   3.68999991752207e+00
   2.00000004470349e-01  -4.28664693877057e-01   3.69999991729856e+00
   2.00000004470349e-01  -4.31555519213278e-01   3.70999991707504e+00
   2.00000004470349e-01  -4.34398660832614e-01   3.71999991685152e+00
   2.00000004470349e-01  -4.37265644310392e-01   3.72999991662800e+00
   2.00000004470349e-01  -4.40067062677452e-01   3.73999991640449e+00
   2.00000004470349e-01  -4.42898283367566e-01   3.74999991618097e+00
   2.00000004470349e-01  -4.45669899411572e-01   3.75999991595745e+00
   2.00000004470349e-01  -4.48465357314021e-01   3.76999991573393e+00
   2.00000004470349e-01  -4.51213131499584e-01   3.77999991551042e+00
   2.00000004470349e-01  -4.53943024291315e-01   3.78999991528690e+00
   2.00000004470349e-01  -4.56678877547656e-01   3.79999991506338e+00
   2.00000004470349e-01  -4.59378968016333e-01   3.80999991483986e+00
   2.00000004470349e-01  -4.62043295697345e-01   3.81999991461635e+00
   2.00000004470349e-01  -4.64731465236801e-01   3.82999991439283e+00
   2.00000004470349e-01  -4.67377911523981e-01   3.83999991416931e+00
   2.00000004470349e-01  -4.69988595023496e-01   3.84999991394579e+00
   2.00000004470349e-01  -4.72623120381455e-01   3.85999991372228e+00
   2.00000004470349e-01  -4.75192080628695e-01   3.86999991349876e+00
   2.00000004470349e-01  -4.77761040875935e-01   3.87999991327524e+00
   2.00000004470349e-01  -4.80341922052397e-01   3.88999991305172e+00
   2.00000004470349e-01  -4.82875119511972e-01   3.89999991282821e+00
   2.00000004470349e-01  -4.85372554183883e-01   3.90999991260469e+00
   2.00000004470349e-01  -4.87881909785015e-01   3.91999991238117e+00
   2.00000004470349e-01  -4.90349542133872e-01   3.92999991215765e+00
   2.00000004470349e-01  -4.92823134947340e-01   3.93999991193414e+00
   2.00000004470349e-01  -4.95266925437754e-01   3.94999991171062e+00
   2.00000004470349e-01  -4.97663032211282e-01   3.95999991148710e+00
   2.00000004470349e-01  -5.00082980843253e-01   3.96999991126359e+00
   2.00000004470349e-01  -5.02461206222949e-01   3.97999991104007e+00
   2.00000004470349e-01  -5.04809629279590e-01   3.98999991081655e+00
   2.00000004470349e-01  -5.07164012800843e-01   3.99999991059303e+00
   2.00000004470349e-01  -5.09464752140598e-01   4.00999991036952e+00
   2.00000004470349e-01  -5.11783372874186e-01   4.01999991014600e+00
   2.00000004470349e-01  -5.14048349426277e-01   4.02999990992248e+00
   2.00000004470349e-01  -5.16325246907590e-01   4.03999990969896e+00
   2.00000004470349e-01  -5.18548500207406e-01   4.04999990947545e+00
   2.00000004470349e-01  -5.20783674436443e-01   4.05999990925193e+00
   2.00000004470349e-01  -5.22983085877815e-01   4.06999990902841e+00
   2.00000004470349e-01  -5.25140774066913e-01   4.07999990880489e+00
   2.00000004470349e-01  -5.27316343649842e-01   4.08999990858138e+00
   2.00000004470349e-01  -5.29450189980496e-01   4.09999990835786e+00
   2.00000004470349e-01  -5.31554233988097e-01   4.10999990813434e+00
   2.00000004470349e-01  -5.33664238460308e-01   4.11999990791082e+00
   2.00000004470349e-01  -5.35732519680243e-01   4.12999990768731e+00
   2.00000004470349e-01  -5.37770998577125e-01   4.13999990746379e+00
   2.00000004470349e-01  -5.39821398403229e-01   4.14999990724027e+00
   2.00000004470349e-01  -5.41806233118614e-01   4.15999990701675e+00
   2.00000004470349e-01  -5.43800008530915e-01   4.16999990679324e+00
   2.00000004470349e-01  -5.45784843246300e-01   4.17999990656972e+00
   2.00000004470349e-01  -5.47727954709410e-01   4.18999990634620e+00
   2.00000004470349e-01  -5.49635303384855e-01   4.19999990612268e+00
   2.00000004470349e-01  -5.51554572989521e-01   4.20999990589917e+00
   2.00000004470349e-01  -5.53435099574218e-01   4.21999990567565e+00
   2.00000004470349e-01  -5.55273902906639e-01   4.22999990545213e+00
   2.00000004470349e-01  -5.57130587632893e-01   4.23999990522861e+00
   2.00000004470349e-01  -5.58945549106871e-01   4.24999990500510e+00
   2.00000004470349e-01  -5.60715807096268e-01   4.25999990478158e+00
   2.00000004470349e-01  -5.62506926711804e-01   4.26999990455806e+00
   2.00000004470349e-01  -5.64232481216620e-01   4.27999990433455e+00
   2.00000004470349e-01  -5.65981877579880e-01   4.28999990411103e+00
   2.00000004470349e-01  -5.67662728600116e-01   4.29999990388751e+00
   2.00000004470349e-01  -5.69364441246490e-01   4.30999990366399e+00
   2.00000004470349e-01  -5.71003569014450e-01   4.31999990344048e+00
   2.00000004470349e-01  -5.72657597943938e-01   4.32999990321696e+00
   2.00000004470349e-01  -5.74272883853455e-01   4.33999990299344e+00
   2.00000004470349e-01  -5.75843466278392e-01   4.34999990276992e+00
   2.00000004470349e-01  -5.77428949864856e-01   4.35999990254641e+00
   2.00000004470349e-01  -5.78978670663655e-01   4.36999990232289e+00
   2.00000004470349e-01  -5.80474747280957e-01   4.37999990209937e+00
   2.00000004470349e-01  -5.82000626221313e-01   4.38999990187585e+00
   2.00000004470349e-01  -5.83472860980172e-01   4.39999990165234e+00
   2.00000004470349e-01  -5.84906352719062e-01   4.40999990142882e+00
   2.00000004470349e-01  -5.86357725851783e-01   4.41999990120530e+00
   2.00000004470349e-01  -5.87743533873786e-01   4.42999990098178e+00
   2.00000004470349e-01  -5.89147223289621e-01   4.43999990075827e+00
   2.00000004470349e-01  -5.90488327827044e-01   4.44999990053475e+00
   2.00000004470349e-01  -5.91823471899855e-01   4.45999990031123e+00
   2.00000004470349e-01  -5.93161596204972e-01   4.46999990008771e+00
   2.00000004470349e-01  -5.94452036793203e-01   4.47999989986420e+00
   2.00000004470349e-01  -5.95694793664548e-01   4.48999989964068e+00
   2.00000004470349e-01  -5.96985234252778e-01   4.49999989941716e+00
   2.00000004470349e-01  -5.98156465548794e-01   4.50999989919364e+00
   2.00000004470349e-01  -5.99357499167863e-01   4.51999989897013e+00
   2.00000004470349e-01  -6.00573433948460e-01   4.52999989874661e+00
   2.00000004470349e-01  -6.01676119901451e-01   4.53999989852309e+00
   2.00000004470349e-01  -6.02802647712886e-01   4.54999989829957e+00
   2.00000004470349e-01  -6.03926195292015e-01   4.55999989807606e+00
   2.00000004470349e-01  -6.04981197528121e-01   4.56999989785254e+00
   2.00000004470349e-01  -6.06057061390364e-01   4.57999989762902e+00
   2.00000004470349e-01  -6.07088221768027e-01   4.58999989740551e+00
   2.00000004470349e-01  -6.08070208312650e-01   4.59999989718199e+00
   2.00000004470349e-01  -6.09052194857274e-01   4.60999989695847e+00
   2.00000004470349e-01  -6.10056533144188e-01   4.61999989673495e+00
   2.00000004470349e-01  -6.10943152255039e-01   4.62999989651144e+00
   2.00000004470349e-01  -6.11852123108181e-01   4.63999989628792e+00
   2.00000004470349e-01  -6.12784935819766e-01   4.64999989606440e+00
   2.00000004470349e-01  -6.13600029355288e-01   4.65999989584088e+00
   2.00000004470349e-01  -6.14435984516948e-01   4.66999989561737e+00
   2.00000004470349e-01  -6.15273429794761e-01   4.67999989539385e+00
   2.00000004470349e-01  -6.16060211123382e-01   4.68999989517033e+00
   2.00000004470349e-01  -6.16802288967422e-01   4.69999989494681e+00
   2.00000004470349e-01  -6.17539896463004e-01   4.70999989472330e+00
   2.00000004470349e-01  -6.18280484190892e-01   4.71999989449978e+00
   2.00000004470349e-01  -6.18971898085741e-01   4.72999989427626e+00
   2.00000004470349e-01  -6.19614138147551e-01   4.73999989405274e+00
   2.00000004470349e-01  -6.20278729951651e-01   4.74999989382923e+00
   2.00000004470349e-01  -6.20874776412728e-01   4.75999989360571e+00
   2.00000004470349e-01  -6.21466352525346e-01   4.76999989338219e+00
   2.00000004470349e-01  -6.22081770496408e-01   4.77999989315867e+00
   2.00000004470349e-01  -6.22579469291407e-01   4.78999989293516e+00
   2.00000004470349e-01  -6.23099519828696e-01   4.79999989271164e+00
   2.00000004470349e-01  -6.23640431992123e-01   4.80999989248812e+00
   2.00000004470349e-01  -6.24063624979488e-01   4.81999989226460e+00
   2.00000004470349e-01  -6.24509169709142e-01   4.82999989204109e+00
   2.00000004470349e-01  -6.24977066181088e-01   4.83999989181757e+00
   2.00000004470349e-01  -6.25326498418894e-01   4.84999989159405e+00
   2.00000004470349e-01  -6.25697537340914e-01   4.85999989137053e+00
   2.00000004470349e-01  -6.26067831204858e-01   4.86999989114702e+00
   2.00000004470349e-01  -6.26366599493472e-01   4.87999989092350e+00
   2.00000004470349e-01  -6.26687719524377e-01   4.88999989069998e+00
   2.00000004470349e-01  -6.26960410780320e-01   4.89999989047647e+00
   2.00000004470349e-01  -6.27184673261300e-01   4.90999989025295e+00
   2.00000004470349e-01  -6.27407818155165e-01   4.91999989002943e+00
   2.00000004470349e-01  -6.27653687320360e-01   4.92999988980591e+00
   2.00000004470349e-01  -6.27779229606224e-01   4.93999988958240e+00
   2.00000004470349e-01  -6.27928613750531e-01   4.94999988935888e+00
   2.00000004470349e-01  -6.28099790843571e-01   4.95999988913536e+00
   2.00000004470349e-01  -6.28151572379878e-01   4.96999988891184e+00
   2.00000004470349e-01  -6.28225985055253e-01   4.97999988868833e+00
   2.00000004470349e-01  -6.28299419841902e-01   4.98999988846481e+00
   2.00000004470338e-01  -6.28324180868397e-01   4.99999988824129e+00
   2.00000004470349e-01  -6.28300363319042e-01   5.00999988801777e+00
   2.00000004470349e-01  -6.28299419841902e-01   5.01999988779426e+00
   2.00000004470349e-01  -6.28225985055253e-01   5.02999988757074e+00
   2.00000004470349e-01  -6.28151572379878e-01   5.03999988734722e+00
   2.00000004470349e-01  -6.28099790843571e-01   5.04999988712370e+00
   2.00000004470349e-01  -6.27928613750531e-01   5.05999988690019e+00
   2.00000004470349e-01  -6.27779229606224e-01   5.06999988667667e+00
   2.00000004470349e-01  -6.27653687320360e-01   5.07999988645315e+00
   2.00000004470349e-01  -6.27407818155165e-01   5.08999988622963e+00
   2.00000004470349e-01  -6.27184300732262e-01   5.09999988600612e+00
   2.00000004470349e-01  -6.26984252638763e-01   5.10999988578260e+00
   2.00000004470349e-01  -6.26663877665934e-01   5.11999988555908e+00
   2.00000004470349e-01  -6.26366599493472e-01   5.12999988533556e+00
   2.00000004470349e-01  -6.26068576262934e-01   5.13999988511205e+00
   2.00000004470349e-01  -6.25697537340914e-01   5.14999988488853e+00
   2.00000004470349e-01  -6.25349595219260e-01   5.15999988466501e+00
   2.00000004470349e-01  -6.24953969380721e-01   5.16999988444149e+00
   2.00000004470349e-01  -6.24509169709142e-01   5.17999988421798e+00
   2.00000004470349e-01  -6.24063624979488e-01   5.18999988399446e+00
   2.00000004470349e-01  -6.23640431992123e-01   5.19999988377094e+00
   2.00000004470349e-01  -6.23099519828696e-01   5.20999988354743e+00
   2.00000004470349e-01  -6.22577979175254e-01   5.21999988332391e+00
   2.00000004470349e-01  -6.22083260612561e-01   5.22999988310039e+00
   2.00000004470349e-01  -6.21466352525346e-01   5.23999988287687e+00
   2.00000004470349e-01  -6.20873286296575e-01   5.24999988265336e+00
   2.00000004470349e-01  -6.20280220067804e-01   5.25999988242984e+00
   2.00000004470349e-01  -6.19637980005994e-01   5.26999988220632e+00
   2.00000004470349e-01  -6.18948056227298e-01   5.27999988198280e+00
   2.00000004470349e-01  -6.18278994074739e-01   5.28999988175929e+00
   2.00000004470349e-01  -6.17541386579157e-01   5.29999988153577e+00
   2.00000004470349e-01  -6.16802288967422e-01   5.30999988131225e+00
   2.00000004470349e-01  -6.16084052981825e-01   5.31999988108873e+00
   2.00000004470349e-01  -6.15249587936318e-01   5.32999988086522e+00
   2.00000004470349e-01  -6.14435984516948e-01   5.33999988064170e+00
   2.00000004470349e-01  -6.13646222956022e-01   5.34999988041818e+00
   2.00000004470349e-01  -6.12737252102880e-01   5.35999988019466e+00
   2.00000004470349e-01  -6.11853613224334e-01   5.36999987997115e+00
   2.00000004470349e-01  -6.10989345855773e-01   5.37999987974763e+00
   2.00000004470349e-01  -6.10010339543455e-01   5.38999987952411e+00
   2.00000004470349e-01  -6.09052194857274e-01   5.39999987930059e+00
   2.00000004470349e-01  -6.08094050171093e-01   5.40999987907708e+00
   2.00000004470349e-01  -6.07064379909584e-01   5.41999987885356e+00
   2.00000004470349e-01  -6.06057061390364e-01   5.42999987863004e+00
   2.00000004470349e-01  -6.05005039386564e-01   5.43999987840652e+00
   2.00000004470349e-01  -6.03902353433572e-01   5.44999987818301e+00
   2.00000004470349e-01  -6.02802647712886e-01   5.45999987795949e+00
   2.00000004470349e-01  -6.01720823386032e-01   5.46999987773597e+00
   2.00000004470349e-01  -6.00528730463879e-01   5.47999987751245e+00
   2.00000004470349e-01  -5.99354518935558e-01   5.48999987728894e+00
   2.00000004470349e-01  -5.98207129497985e-01   5.49999987706542e+00
   2.00000004470349e-01  -5.96937550535892e-01   5.50999987684190e+00
   2.00000004470349e-01  -5.95694793664548e-01   5.51999987661839e+00
   2.00000004470349e-01  -5.94452036793203e-01   5.52999987639487e+00
   2.00000004470349e-01  -5.93161596204972e-01   5.53999987617135e+00
   2.00000004470349e-01  -5.91823471899855e-01   5.54999987594783e+00
   2.00000004470349e-01  -5.90509189453181e-01   5.55999987572432e+00
   2.00000004470349e-01  -5.89126361663484e-01   5.56999987550080e+00
   2.00000004470349e-01  -5.87743533873786e-01   5.57999987527728e+00
   2.00000004470349e-01  -5.86381567710226e-01   5.58999987505376e+00
   2.00000004470349e-01  -5.84903372486756e-01   5.59999987483025e+00
   2.00000004470349e-01  -5.83451999354035e-01   5.60999987460673e+00
   2.00000004470349e-01  -5.82021487847451e-01   5.61999987438321e+00
   2.00000004470349e-01  -5.80477727513263e-01   5.62999987415969e+00
   2.00000004470349e-01  -5.78954828805212e-01   5.63999987393618e+00
   2.00000004470349e-01  -5.77452791723299e-01   5.64999987371266e+00
   2.00000004470349e-01  -5.75840486046087e-01   5.65999987348914e+00
   2.00000004470349e-01  -5.74252022227318e-01   5.66999987326562e+00
   2.00000004470349e-01  -5.72657597943938e-01   5.67999987304211e+00
   2.00000004470349e-01  -5.71003569014450e-01   5.68999987281859e+00
   2.00000004470349e-01  -5.69364441246490e-01   5.69999987259507e+00
   2.00000004470349e-01  -5.67683590226254e-01   5.70999987237155e+00
   2.00000004470349e-01  -5.65961015953742e-01   5.71999987214804e+00
   2.00000004470349e-01  -5.64232481216620e-01   5.72999987192452e+00
   2.00000004470349e-01  -5.62530768570247e-01   5.73999987170100e+00
   2.00000004470349e-01  -5.60715807096268e-01   5.74999987147748e+00
   2.00000004470349e-01  -5.58921707248428e-01   5.75999987125397e+00
   2.00000004470349e-01  -5.57109726006755e-01   5.76999987103045e+00
   2.00000004470349e-01  -5.55315626158914e-01   5.77999987080693e+00
   2.00000004470349e-01  -5.53414237948080e-01   5.78999987058342e+00
   2.00000004470349e-01  -5.51533711363384e-01   5.79999987035990e+00
   2.00000004470349e-01  -5.49677026637130e-01   5.80999987013638e+00
   2.00000004470349e-01  -5.47707093083272e-01   5.81999986991286e+00
   2.00000004470349e-01  -5.45763981620162e-01   5.82999986968935e+00
   2.00000004470349e-01  -5.43820870157053e-01   5.83999986946583e+00
   2.00000004470349e-01  -5.41830074977057e-01   5.84999986924231e+00
   2.00000004470349e-01  -5.39797556544786e-01   5.85999986901879e+00
   2.00000004470349e-01  -5.37788879970958e-01   5.86999986879528e+00
   2.00000004470349e-01  -5.35720598751022e-01   5.87999986857176e+00
   2.00000004470349e-01  -5.33640396601865e-01   5.88999986834824e+00
   2.00000004470349e-01  -5.31589996775761e-01   5.89999986812472e+00
   2.00000004470349e-01  -5.29432308586664e-01   5.90999986790121e+00
   2.00000004470349e-01  -5.27298462256010e-01   5.91999986767769e+00
   2.00000004470349e-01  -5.25182497319188e-01   5.92999986745417e+00
   2.00000004470349e-01  -5.22959244019372e-01   5.93999986723065e+00
   2.00000004470349e-01  -5.20765793042610e-01   5.94999986700714e+00
   2.00000004470349e-01  -5.18584262995070e-01   5.95999986678362e+00
   2.00000004470349e-01  -5.16307365513758e-01   5.96999986656010e+00
   2.00000004470349e-01  -5.14048349426277e-01   5.97999986633658e+00
   2.00000004470349e-01  -5.11783372874186e-01   5.98999986611307e+00
   2.00000004470349e-01  -5.09464752140598e-01   5.99999986588955e+00
   2.00000004470349e-01  -5.07164012800843e-01   6.00999986566603e+00
   2.00000004470349e-01  -5.04827510673423e-01   6.01999986544251e+00
   2.00000004470349e-01  -5.02443324829116e-01   6.02999986521900e+00
   2.00000004470349e-01  -5.00065099449421e-01   6.03999986499548e+00
   2.00000004470349e-01  -4.97704755463557e-01   6.04999986477196e+00
   2.00000004470349e-01  -4.95243083579311e-01   6.05999986454844e+00
   2.00000004470349e-01  -4.92805253553508e-01   6.06999986432493e+00
   2.00000004470349e-01  -4.90385304921537e-01   6.07999986410141e+00
   2.00000004470349e-01  -4.87869988855794e-01   6.08999986387789e+00
   2.00000004470349e-01  -4.85372554183883e-01   6.09999986365438e+00
   2.00000004470349e-01  -4.82869159047361e-01   6.10999986343086e+00
   2.00000004470349e-01  -4.80341922052397e-01   6.11999986320734e+00
   2.00000004470349e-01  -4.77767001340546e-01   6.12999986298382e+00
   2.00000004470349e-01  -4.75209962022527e-01   6.13999986276031e+00
   2.00000004470349e-01  -4.72599278523012e-01   6.14999986253679e+00
   2.00000004470349e-01  -4.69988595023496e-01   6.15999986231327e+00
   2.00000004470349e-01  -4.67395792917813e-01   6.16999986208975e+00
   2.00000004470349e-01  -4.64713583842969e-01   6.17999986186624e+00
   2.00000004470349e-01  -4.62043295697345e-01   6.18999986164272e+00
   2.00000004470349e-01  -4.59402809874776e-01   6.19999986141920e+00
   2.00000004470349e-01  -4.56655035689213e-01   6.20999986119568e+00
   2.00000004470349e-01  -4.53943024291315e-01   6.21999986097217e+00
   2.00000004470349e-01  -4.51236973358027e-01   6.22999986074865e+00
   2.00000004470349e-01  -4.48441515455578e-01   6.23999986052513e+00
   2.00000004470349e-01  -4.45669899411572e-01   6.24999986030161e+00
   2.00000004470349e-01  -4.42898283367566e-01   6.25999986007810e+00
   2.00000004470349e-01  -4.40073023142063e-01   6.26999985985458e+00
   2.00000004470349e-01  -4.37259683845781e-01   6.27999985963106e+00
   2.00000004470349e-01  -4.34416542226446e-01   6.28999985940754e+00
   2.00000004470349e-01  -4.31537637819446e-01   6.29999985918403e+00
   2.00000004470349e-01  -4.28664693877057e-01   6.30999985896051e+00
   2.00000004470349e-01  -4.25797710399278e-01   6.31999985873699e+00
   2.00000004470349e-01  -4.22859201346171e-01   6.32999985851347e+00
   2.00000004470349e-01  -4.19926652757674e-01   6.33999985828996e+00
   2.00000004470349e-01  -4.17017946027620e-01   6.34999985806644e+00
   2.00000004470349e-01  -4.14019832328405e-01   6.35999985784292e+00
   2.00000004470349e-01  -4.11045560487633e-01   6.36999985761940e+00
   2.00000004470349e-01  -4.08065328182250e-01   6.37999985739589e+00
   2.00000004470349e-01  -4.05055293553813e-01   6.38999985717237e+00
   2.00000004470349e-01  -4.01997575208491e-01   6.39999985694885e+00
   2.00000004470349e-01  -3.99017342903108e-01   6.40999985672534e+00
   2.00000004470349e-01  -3.95900019911677e-01   6.41999985650182e+00
   2.00000004470349e-01  -3.92860182960187e-01   6.42999985627830e+00
   2.00000004470349e-01  -3.89766701827199e-01   6.43999985605478e+00
   2.00000004470349e-01  -3.86667260229601e-01   6.44999985583127e+00
   2.00000004470349e-01  -3.83514174450506e-01   6.45999985560775e+00
   2.00000004470349e-01  -3.80408772388297e-01   6.46999985538423e+00
   2.00000004470349e-01  -3.77261647073812e-01   6.47999985516071e+00
   2.00000004470349e-01  -3.74096640365496e-01   6.48999985493720e+00
   2.00000004470349e-01  -3.70913752263347e-01   6.49999985471368e+00
   2.00000004470349e-01  -3.67695101373533e-01   6.50999985449016e+00
   2.00000004470349e-01  -3.64512213271384e-01   6.51999985426664e+00
   2.00000004470349e-01  -3.61293562381571e-01   6.52999985404313e+00
   2.00000004470349e-01  -3.58057030097925e-01   6.53999985381961e+00
   2.00000004470349e-01  -3.54772814097393e-01   6.54999985359609e+00
   2.00000004470349e-01  -3.51566084136801e-01   6.55999985337257e+00
   2.00000004470349e-01  -3.48234184419383e-01   6.56999985314906e+00
   2.00000004470349e-01  -3.44961889348072e-01   6.57999985292554e+00
   2.00000004470349e-01  -3.41659791953708e-01   6.58999985270202e+00
   2.00000004470349e-01  -3.38339813165511e-01   6.59999985247850e+00
   2.00000004470349e-01  -3.34984071589650e-01   6.60999985225499e+00
   2.00000004470349e-01  -3.31658132336843e-01   6.61999985203147e+00
   2.00000004470349e-01  -3.28302390760982e-01   6.62999985180795e+00
   2.00000004470349e-01  -3.24898965468235e-01   6.63999985158443e+00
   2.00000004470349e-01  -3.21567065750816e-01   6.64999985136092e+00
   2.00000004470349e-01  -3.18121917205794e-01   6.65999985113740e+00
   2.00000004470349e-01  -3.14730412842268e-01   6.66999985091388e+00
   2.00000004470349e-01  -3.11315066620299e-01   6.67999985069036e+00
   2.00000004470349e-01  -3.07869918075277e-01   6.68999985046685e+00
   2.00000004470349e-01  -3.04406888136422e-01   6.69999985024333e+00
   2.00000004470349e-01  -3.00991541914453e-01   6.70999985001981e+00
   2.00000004470349e-01  -2.97474867794101e-01   6.71999984979630e+00
   2.00000004470349e-01  -2.94011837855246e-01   6.72999984957278e+00
   2.00000004470349e-01  -2.90519005593337e-01   6.73999984934926e+00
   2.00000004470349e-01  -2.86990410543764e-01   6.74999984912574e+00
   2.00000004470349e-01  -2.83491617817244e-01   6.75999984890223e+00
   2.00000004470349e-01  -2.79963022767671e-01   6.76999984867871e+00
   2.00000004470349e-01  -2.76428467253487e-01   6.77999984845519e+00
   2.00000004470349e-01  -2.72852188487027e-01   6.78999984823167e+00
   2.00000004470349e-01  -2.69317632972843e-01   6.79999984800816e+00
   2.00000004470349e-01  -2.65741354206384e-01   6.80999984778464e+00
   2.00000004470349e-01  -2.62159114975313e-01   6.81999984756112e+00
   2.00000004470349e-01  -2.58547073421189e-01   6.82999984733760e+00
   2.00000004470349e-01  -2.54976755119341e-01   6.83999984711409e+00
   2.00000004470349e-01  -2.51334911242163e-01   6.84999984689057e+00
   2.00000004470349e-01  -2.47722869688039e-01   6.85999984666705e+00
   2.00000004470349e-01  -2.44092946740082e-01   6.86999984644353e+00
   2.00000004470349e-01  -2.40451102862904e-01   6.87999984622002e+00
   2.00000004470349e-01  -2.36779456662673e-01   6.88999984599650e+00
   2.00000004470349e-01  -2.33137612785495e-01   6.89999984577298e+00
   2.00000004470349e-01  -2.29465966585263e-01   6.90999984554946e+00
   2.00000004470349e-01  -2.25788359920420e-01   6.91999984532595e+00
   2.00000004470349e-01  -2.22098832326356e-01   6.92999984510243e+00
   2.00000004470349e-01  -2.18379502409238e-01   6.93999984487891e+00
   2.00000004470349e-01  -2.14695935279785e-01   6.94999984465539e+00
   2.00000004470349e-01  -2.10982565827278e-01   6.95999984443188e+00
   2.00000004470349e-01  -2.07257275445549e-01   6.96999984420836e+00
   2.00000004470349e-01  -2.03508143205378e-01   6.97999984398484e+00
   2.00000004470349e-01  -1.99800734217481e-01   6.98999984376132e+00
   2.00000004470349e-01  -1.96027760118867e-01   6.99999984353781e+00
   2.00000004470349e-01  -1.92284588343306e-01   7.00999984331429e+00
   2.00000004470349e-01  -1.88523535173912e-01   7.01999984309077e+00
   2.00000004470349e-01  -1.84756521539908e-01   7.02999984286726e+00
   2.00000004470349e-01  -1.80959705582851e-01   7.03999984264374e+00
   2.00000004470349e-01  -1.77192691948847e-01   7.04999984242022e+00
   2.00000004470349e-01  -1.73401836456399e-01   7.05999984219670e+00
   2.00000004470349e-01  -1.69605020499342e-01   7.06999984197319e+00
   2.00000004470349e-01  -1.65796283613062e-01   7.07999984174967e+00
   2.00000004470349e-01  -1.61975625797561e-01   7.08999984152615e+00
   2.00000004470349e-01  -1.58172849375893e-01   7.09999984130263e+00
   2.00000004470349e-01  -1.54340270631170e-01   7.10999984107912e+00
   2.00000004470349e-01  -1.50519612815669e-01   7.11999984085560e+00
   2.00000004470349e-01  -1.46669152677115e-01   7.12999984063208e+00
   2.00000004470349e-01  -1.42848494861614e-01   7.13999984040856e+00
   2.00000004470349e-01  -1.38980153329227e-01   7.14999984018505e+00
   2.00000004470349e-01  -1.35135653655283e-01   7.15999983996153e+00
   2.00000004470349e-01  -1.31285193516728e-01   7.16999983973801e+00
   2.00000004470349e-01  -1.27416851984341e-01   7.17999983951449e+00
   2.00000004470349e-01  -1.23536589522733e-01   7.18999983929098e+00
   2.00000004470349e-01  -1.19674208454956e-01   7.19999983906746e+00
   2.00000004470349e-01  -1.15799906457959e-01   7.20999983884394e+00
   2.00000004470349e-01  -1.11901762602518e-01   7.21999983862042e+00
   2.00000004470349e-01  -1.08039381534741e-01   7.22999983839691e+00
   2.00000004470349e-01  -1.04129316750079e-01   7.23999983817339e+00
   2.00000004470349e-01  -1.00237133359249e-01   7.24999983794987e+00
   2.00000004470349e-01  -9.63449499684188e-02   7.25999983772635e+00
   2.00000004470349e-01  -9.24408456483672e-02   7.26999983750284e+00
   2.00000004470349e-01  -8.85248203990941e-02   7.27999983727932e+00
   2.00000004470349e-01  -8.46266765436532e-02   7.28999983705580e+00
   2.00000004470349e-01  -8.07046908297693e-02   7.29999983683228e+00
   2.00000004470349e-01  -7.67886655804962e-02   7.30999983660877e+00
   2.00000004470349e-01  -7.28726403312230e-02   7.31999983638525e+00
   2.00000004470349e-01  -6.89446941527283e-02   7.32999983616173e+00
   2.00000004470349e-01  -6.50227084388444e-02   7.33999983593822e+00
   2.00000004470349e-01  -6.10947622603497e-02   7.34999983571470e+00
   2.00000004470349e-01  -5.71668160818551e-02   7.35999983549118e+00
   2.00000004470349e-01  -5.32269489741388e-02   7.36999983526766e+00
   2.00000004470349e-01  -4.93049632602549e-02   7.37999983504415e+00
   2.00000004470349e-01  -4.53531752233172e-02   7.38999983482063e+00
   2.00000004470349e-01  -4.14252290448225e-02   7.39999983459711e+00
   2.00000004470349e-01  -3.74853619371063e-02   7.40999983437359e+00
   2.00000004470349e-01  -3.35395343647793e-02   7.41999983415008e+00
   2.00000004470349e-01  -2.95937067924523e-02   7.42999983392656e+00
   2.00000004470349e-01  -2.56538396847361e-02   7.43999983370304e+00
   2.00000004470349e-01  -2.17080121124091e-02   7.44999983347952e+00
   2.00000004470349e-01  -1.77681450046929e-02   7.45999983325601e+00
   2.00000004470349e-01  -1.38163569677552e-02   7.46999983303249e+00
   2.00000004470349e-01  -9.86456893081745e-03   7.47999983280897e+00
   2.00000004470349e-01  -5.92470182310123e-03   7.48999983258545e+00
   2.00000004470349e-01  -1.97291378616349e-03   7.49999983236194e+00
   2.00000004470349e-01   1.97291378616349e-03   7.50999983213842e+00
   2.00000004470349e-01   5.92470182310123e-03   7.51999983191490e+00
   2.00000004470349e-01   9.87052939542821e-03   7.52999983169138e+00
   2.00000004470349e-01   1.38103965031444e-02   7.53999983146787e+00
   2.00000004470349e-01   1.77681450046929e-02   7.54999983124435e+00
   2.00000004470349e-01   2.17080121124091e-02   7.55999983102083e+00
   2.00000004470349e-01   2.56538396847361e-02   7.56999983079731e+00
   2.00000004470349e-01   2.95937067924523e-02   7.57999983057380e+00
   2.00000004470349e-01   3.35395343647793e-02   7.58999983035028e+00
   2.00000004470349e-01   3.74853619371063e-02   7.59999983012676e+00
   2.00000004470349e-01   4.14252290448225e-02   7.60999982990324e+00
   2.00000004470349e-01   4.53591356879280e-02   7.61999982967973e+00
   2.00000004470349e-01   4.92930423310334e-02   7.62999982945621e+00
   2.00000004470349e-01   5.32329094387496e-02   7.63999982923269e+00
   2.00000004470349e-01   5.71668160818551e-02   7.64999982900918e+00
   2.00000004470349e-01   6.10947622603497e-02   7.65999982878566e+00
   2.00000004470349e-01   6.50167479742337e-02   7.66999982856214e+00
   2.00000004470349e-01   6.89566150819499e-02   7.67999982833862e+00
   2.00000004470349e-01   7.28666798666123e-02   7.68999982811511e+00
   2.00000004470349e-01   7.67886655804962e-02   7.69999982789159e+00
   2.00000004470349e-01   8.07106512943801e-02   7.70999982766807e+00
   2.00000004470349e-01   8.46207160790425e-02   7.71999982744455e+00
   2.00000004470349e-01   8.85248203990941e-02   7.72999982722104e+00
   2.00000004470349e-01   9.24408456483672e-02   7.73999982699752e+00
   2.00000004470349e-01   9.63449499684188e-02   7.74999982677400e+00
   2.00000004470349e-01   1.00231172894638e-01   7.75999982655048e+00
   2.00000004470349e-01   1.04141237679301e-01   7.76999982632697e+00
   2.00000004470349e-01   1.08021500140909e-01   7.77999982610345e+00
   2.00000004470349e-01   1.11913683531739e-01   7.78999982587993e+00
   2.00000004470349e-01   1.15799906457959e-01   7.79999982565641e+00
   2.00000004470349e-01   1.19674208454956e-01   7.80999982543290e+00
   2.00000004470349e-01   1.23536589522733e-01   7.81999982520938e+00
   2.00000004470349e-01   1.27428772913563e-01   7.82999982498586e+00
   2.00000004470349e-01   1.31273272587507e-01   7.83999982476234e+00
   2.00000004470349e-01   1.35135653655283e-01   7.84999982453883e+00
   2.00000004470349e-01   1.38980153329227e-01   7.85999982431531e+00
   2.00000004470349e-01   1.42848494861614e-01   7.86999982409179e+00
   2.00000004470349e-01   1.46669152677115e-01   7.87999982386827e+00
   2.00000004470349e-01   1.50519612815669e-01   7.88999982364476e+00
   2.00000004470349e-01   1.54346231095781e-01   7.89999982342124e+00
   2.00000004470349e-01   1.58154967982060e-01   7.90999982319772e+00
   2.00000004470349e-01   1.61987546726783e-01   7.91999982297421e+00
   2.00000004470349e-01   1.65796283613062e-01   7.92999982275069e+00
   2.00000004470349e-01   1.69605020499342e-01   7.93999982252717e+00
   2.00000004470349e-01   1.73389915527178e-01   7.94999982230365e+00
   2.00000004470349e-01   1.77204612878068e-01   7.95999982208014e+00
   2.00000004470349e-01   1.80965666047461e-01   7.96999982185662e+00
   2.00000004470349e-01   1.84750561075298e-01   7.97999982163310e+00
   2.00000004470349e-01   1.88523535173912e-01   7.98999982140958e+00
   2.00000004470349e-01   1.92284588343306e-01   7.99999982118607e+00
   2.00000004470349e-01   1.96027760118867e-01   8.00999982096255e+00
   2.00000004470349e-01   1.99782852823649e-01   8.01999982073903e+00
   2.00000004470349e-01   2.03526024599210e-01   8.02999982051551e+00
   2.00000004470349e-01   2.07257275445549e-01   8.03999982029200e+00
   2.00000004470349e-01   2.10982565827278e-01   8.04999982006848e+00
   2.00000004470349e-01   2.14678053885953e-01   8.05999981984496e+00
   2.00000004470349e-01   2.18403344267681e-01   8.06999981962144e+00
   2.00000004470349e-01   2.22092871861746e-01   8.07999981939793e+00
   2.00000004470349e-01   2.25788359920420e-01   8.08999981917441e+00
   2.00000004470349e-01   2.29448085191431e-01   8.09999981895089e+00
   2.00000004470349e-01   2.33155494179327e-01   8.10999981872737e+00
   2.00000004470349e-01   2.36779456662673e-01   8.11999981850386e+00
   2.00000004470349e-01   2.40451102862904e-01   8.12999981828034e+00
   2.00000004470349e-01   2.44092946740082e-01   8.13999981805682e+00
   2.00000004470349e-01   2.47728830152649e-01   8.14999981783330e+00
   2.00000004470349e-01   2.51328950777552e-01   8.15999981760979e+00
   2.00000004470349e-01   2.54958873725508e-01   8.16999981738627e+00
   2.00000004470349e-01   2.58570915279632e-01   8.17999981716275e+00
   2.00000004470349e-01   2.62153154510703e-01   8.18999981693923e+00
   2.00000004470349e-01   2.65741354206384e-01   8.19999981671572e+00
   2.00000004470349e-01   2.69293791114400e-01   8.20999981649220e+00
   2.00000004470349e-01   2.72876030345470e-01   8.21999981626868e+00
   2.00000004470349e-01   2.76428467253487e-01   8.22999981604517e+00
   2.00000004470349e-01   2.79963022767671e-01   8.23999981582165e+00
   2.00000004470349e-01   2.83473736423412e-01   8.24999981559813e+00
   2.00000004470349e-01   2.87032133796039e-01   8.25999981537461e+00
   2.00000004470349e-01   2.90495163734894e-01   8.26999981515110e+00
   2.00000004470349e-01   2.94017798319857e-01   8.27999981492758e+00
   2.00000004470349e-01   2.97492749187933e-01   8.28999981470406e+00
   2.00000004470349e-01   3.00967700056010e-01   8.29999981448054e+00
   2.00000004470349e-01   3.04406888136422e-01   8.30999981425703e+00
   2.00000004470349e-01   3.07875878539887e-01   8.31999981403351e+00
   2.00000004470349e-01   3.11309106155688e-01   8.32999981380999e+00
   2.00000004470349e-01   3.14706570983825e-01   8.33999981358647e+00
   2.00000004470349e-01   3.18169600922680e-01   8.34999981336296e+00
   2.00000004470349e-01   3.21519382033930e-01   8.35999981313944e+00
   2.00000004470349e-01   3.24928767791288e-01   8.36999981291592e+00
   2.00000004470349e-01   3.28296430296371e-01   8.37999981269240e+00
   2.00000004470349e-01   3.31658132336843e-01   8.38999981246889e+00
   2.00000004470349e-01   3.34984071589650e-01   8.39999981224537e+00
   2.00000004470349e-01   3.38363655023955e-01   8.40999981202185e+00
   2.00000004470349e-01   3.41635950095265e-01   8.41999981179833e+00
   2.00000004470349e-01   3.44967849812683e-01   8.42999981157482e+00
   2.00000004470349e-01   3.48258026277826e-01   8.43999981135130e+00
   2.00000004470349e-01   3.51506479490693e-01   8.44999981112778e+00
   2.00000004470349e-01   3.54808576885057e-01   8.45999981090426e+00
   2.00000004470349e-01   3.58051069633314e-01   8.46999981068075e+00
   2.00000004470349e-01   3.61293562381571e-01   8.47999981045723e+00
   2.00000004470349e-01   3.64482410948330e-01   8.48999981023371e+00
   2.00000004470349e-01   3.67754706019641e-01   8.49999981001019e+00
   2.00000004470349e-01   3.70889910404904e-01   8.50999980978668e+00
   2.00000004470349e-01   3.74090679900885e-01   8.51999980956316e+00
   2.00000004470349e-01   3.77261647073812e-01   8.52999980933964e+00
   2.00000004470349e-01   3.80408772388297e-01   8.53999980911613e+00
   2.00000004470349e-01   3.83520134915116e-01   8.54999980889261e+00
   2.00000004470349e-01   3.86661299764990e-01   8.55999980866909e+00
   2.00000004470349e-01   3.89766701827199e-01   8.56999980844557e+00
   2.00000004470349e-01   3.92860182960187e-01   8.57999980822206e+00
   2.00000004470349e-01   3.95929822234731e-01   8.58999980799854e+00
   2.00000004470349e-01   3.98957738257000e-01   8.59999980777502e+00
   2.00000004470349e-01   4.02027377531544e-01   8.60999980755150e+00
   2.00000004470349e-01   4.05055293553813e-01   8.61999980732799e+00
   2.00000004470349e-01   4.08071288646861e-01   8.62999980710447e+00
   2.00000004470349e-01   4.11027679093801e-01   8.63999980688095e+00
   2.00000004470349e-01   4.14067516045291e-01   8.64999980665743e+00
   2.00000004470349e-01   4.16964301846124e-01   8.65999980643392e+00
   2.00000004470349e-01   4.19944534151506e-01   8.66999980621040e+00
   2.00000004470349e-01   4.22877082740003e-01   8.67999980598688e+00
   2.00000004470349e-01   4.25779829005446e-01   8.68999980576336e+00
   2.00000004470349e-01   4.28646812483225e-01   8.69999980553985e+00
   2.00000004470349e-01   4.31555519213278e-01   8.70999980531633e+00
   2.00000004470349e-01   4.34416542226446e-01   8.71999980509281e+00
   2.00000004470349e-01   4.37265644310392e-01   8.72999980486929e+00
   2.00000004470349e-01   4.40084944071284e-01   8.73999980464578e+00
   2.00000004470349e-01   4.42862520579901e-01   8.74999980442226e+00
   2.00000004470349e-01   4.45687780805404e-01   8.75999980419874e+00
   2.00000004470349e-01   4.48465357314021e-01   8.76999980397522e+00
   2.00000004470349e-01   4.51213131499584e-01   8.77999980375171e+00
   2.00000004470349e-01   4.53925142897482e-01   8.78999980352819e+00
   2.00000004470349e-01   4.56714640335321e-01   8.79999980330467e+00
   2.00000004470349e-01   4.59343205228669e-01   8.80999980308115e+00
   2.00000004470349e-01   4.62061177091178e-01   8.81999980285764e+00
   2.00000004470349e-01   4.64731465236801e-01   8.82999980263412e+00
   2.00000004470349e-01   4.67377911523981e-01   8.83999980241060e+00
   2.00000004470349e-01   4.69970713629664e-01   8.84999980218709e+00
   2.00000004470349e-01   4.72623120381455e-01   8.85999980196357e+00
   2.00000004470349e-01   4.75209962022527e-01   8.86999980174005e+00
   2.00000004470349e-01   4.77784882734378e-01   8.87999980151653e+00
   2.00000004470349e-01   4.80300198800121e-01   8.88999980129302e+00
   2.00000004470349e-01   4.82875119511972e-01   8.89999980106950e+00
   2.00000004470349e-01   4.85390435577715e-01   8.90999980084598e+00
   2.00000004470349e-01   4.87846146997351e-01   8.91999980062246e+00
   2.00000004470349e-01   4.90403186315369e-01   8.92999980039895e+00
   2.00000004470349e-01   4.92787372159676e-01   8.93999980017543e+00
   2.00000004470349e-01   4.95266925437754e-01   8.94999979995191e+00
   2.00000004470349e-01   4.97680913605114e-01   8.95999979972839e+00
   2.00000004470349e-01   5.00082980843253e-01   8.96999979950488e+00
   2.00000004470349e-01   5.02425443435284e-01   8.97999979928136e+00
   2.00000004470349e-01   5.04827510673423e-01   8.98999979905784e+00
   2.00000004470349e-01   5.07199775588507e-01   8.99999979883432e+00
   2.00000004470349e-01   5.09446870746766e-01   9.00999979861081e+00
   2.00000004470349e-01   5.11789333338797e-01   9.01999979838729e+00
   2.00000004470349e-01   5.14024507567834e-01   9.02999979816377e+00
   2.00000004470349e-01   5.16325246907590e-01   9.03999979794025e+00
   2.00000004470349e-01   5.18566381601238e-01   9.04999979771674e+00
   2.00000004470349e-01   5.20825397688718e-01   9.05999979749322e+00
   2.00000004470349e-01   5.22941362625540e-01   9.06999979726970e+00
   2.00000004470349e-01   5.25158655460745e-01   9.07999979704618e+00
   2.00000004470349e-01   5.27280580862177e-01   9.08999979682267e+00
   2.00000004470349e-01   5.29450189980496e-01   9.09999979659915e+00
   2.00000004470349e-01   5.31530392129653e-01   9.10999979637563e+00
   2.00000004470349e-01   5.33705961712583e-01   9.11999979615211e+00
   2.00000004470349e-01   5.35738480144854e-01   9.12999979592860e+00
   2.00000004470349e-01   5.37747156718682e-01   9.13999979570508e+00
   2.00000004470349e-01   5.39821398403229e-01   9.14999979548156e+00
   2.00000004470349e-01   5.41830074977057e-01   9.15999979525805e+00
   2.00000004470349e-01   5.43773186440166e-01   9.16999979503453e+00
   2.00000004470349e-01   5.45826566498575e-01   9.17999979481101e+00
   2.00000004470349e-01   5.47730934941715e-01   9.18999979458749e+00
   2.00000004470349e-01   5.49611461526412e-01   9.19999979436398e+00
   2.00000004470349e-01   5.51557553221827e-01   9.20999979414046e+00
   2.00000004470349e-01   5.53393376321943e-01   9.21999979391694e+00
   2.00000004470349e-01   5.55291784300471e-01   9.22999979369342e+00
   2.00000004470349e-01   5.57175291117474e-01   9.23999979346991e+00
   2.00000004470349e-01   5.58900845622290e-01   9.24999979324639e+00
   2.00000004470349e-01   5.60736668722406e-01   9.25999979302287e+00
   2.00000004470349e-01   5.62506926711804e-01   9.26999979279935e+00
   2.00000004470349e-01   5.64214599822788e-01   9.27999979257584e+00
   2.00000004470349e-01   5.65978897347575e-01   9.28999979235232e+00
   2.00000004470349e-01   5.67728293710834e-01   9.29999979212880e+00
   2.00000004470349e-01   5.69322717994214e-01   9.30999979190528e+00
   2.00000004470349e-01   5.71024430640588e-01   9.31999979168177e+00
   2.00000004470349e-01   5.72615874691662e-01   9.32999979145825e+00
   2.00000004470349e-01   5.74272883853455e-01   9.33999979123473e+00
   2.00000004470349e-01   5.75819624419949e-01   9.34999979101121e+00
   2.00000004470349e-01   5.77473653349437e-01   9.35999979078770e+00
   2.00000004470349e-01   5.78975690431350e-01   9.36999979056418e+00
   2.00000004470349e-01   5.80501569371706e-01   9.37999979034066e+00
   2.00000004470349e-01   5.81952942504427e-01   9.38999979011714e+00
   2.00000004470349e-01   5.83472860980172e-01   9.39999978989363e+00
   2.00000004470349e-01   5.84885491092924e-01   9.40999978967011e+00
   2.00000004470349e-01   5.86357725851783e-01   9.41999978944659e+00
   2.00000004470349e-01   5.87809098984505e-01   9.42999978922307e+00
   2.00000004470349e-01   5.89102519805041e-01   9.43999978899956e+00
   2.00000004470349e-01   5.90512169685487e-01   9.44999978877604e+00
   2.00000004470349e-01   5.91844333525993e-01   9.45999978855252e+00
   2.00000004470349e-01   5.93116892720391e-01   9.46999978832901e+00
   2.00000004470349e-01   5.94452036793203e-01   9.47999978810549e+00
   2.00000004470349e-01   5.95763339007572e-01   9.48999978788197e+00
   2.00000004470349e-01   5.96916688909755e-01   9.49999978765845e+00
   2.00000004470349e-01   5.98180307407237e-01   9.50999978743494e+00
   2.00000004470349e-01   5.99333657309420e-01   9.51999978721142e+00
   2.00000004470349e-01   6.00549592090016e-01   9.52999978698790e+00
   2.00000004470349e-01   6.01655258275314e-01   9.53999978676438e+00
   2.00000004470349e-01   6.02871193055910e-01   9.54999978654087e+00
   2.00000004470349e-01   6.03926195292015e-01   9.55999978631735e+00
   2.00000004470349e-01   6.04957355669678e-01   9.56999978609383e+00
   2.00000004470349e-01   6.06057061390364e-01   9.57999978587031e+00
   2.00000004470349e-01   6.07088221768027e-01   9.58999978564680e+00
   2.00000004470349e-01   6.08047856570360e-01   9.59999978542328e+00
   2.00000004470349e-01   6.09120740200298e-01   9.60999978519976e+00
   2.00000004470349e-01   6.10032691285745e-01   9.61999978497624e+00
   2.00000004470349e-01   6.10920800512749e-01   9.62999978475273e+00
   2.00000004470349e-01   6.11875964966624e-01   9.63999978452921e+00
   2.00000004470349e-01   6.12714900360590e-01   9.64999978430569e+00
   2.00000004470349e-01   6.13622381097579e-01   9.65999978408217e+00
   2.00000004470349e-01   6.14507510092277e-01   9.66999978385866e+00
   2.00000004470349e-01   6.15271939678608e-01   9.67999978363514e+00
   2.00000004470349e-01   6.16014017522648e-01   9.68999978341162e+00
   2.00000004470349e-01   6.16824640709713e-01   9.69999978318810e+00
   2.00000004470349e-01   6.17519034836867e-01   9.70999978296459e+00
   2.00000004470349e-01   6.18278994074739e-01   9.71999978274107e+00
   2.00000004470349e-01   6.19018091686474e-01   9.72999978251755e+00
   2.00000004470349e-01   6.19590296289108e-01   9.73999978229403e+00
   2.00000004470349e-01   6.20280220067804e-01   9.74999978207052e+00
   2.00000004470349e-01   6.20850934554285e-01   9.75999978184700e+00
   2.00000004470349e-01   6.21490194383789e-01   9.76999978162348e+00
   2.00000004470349e-01   6.22057928637965e-01   9.77999978139997e+00
   2.00000004470349e-01   6.22603311149850e-01   9.78999978117645e+00
   2.00000004470349e-01   6.23121871570987e-01   9.79999978095293e+00
   2.00000004470349e-01   6.23617335191757e-01   9.80999978072941e+00
   2.00000004470349e-01   6.24039783121045e-01   9.81999978050590e+00
   2.00000004470349e-01   6.24533011567585e-01   9.82999978028238e+00
   2.00000004470349e-01   6.24906285663835e-01   9.83999978005886e+00
   2.00000004470349e-01   6.25397278936146e-01   9.84999977983534e+00
   2.00000004470349e-01   6.25721379199357e-01   9.85999977961183e+00
   2.00000004470349e-01   6.26020892546048e-01   9.86999977938831e+00
   2.00000004470349e-01   6.26390441351915e-01   9.87999977916479e+00
   2.00000004470349e-01   6.26687719524377e-01   9.88999977894127e+00
   2.00000004470349e-01   6.26912727063434e-01   9.89999977871776e+00
   2.00000004470349e-01   6.27256198836629e-01   9.90999977849424e+00
   2.00000004470349e-01   6.27431287484570e-01   9.91999977827072e+00
   2.00000004470349e-01   6.27582161745030e-01   9.92999977804720e+00
   2.00000004470349e-01   6.27803443993705e-01   9.93999977782369e+00
   2.00000004470349e-01   6.27904399363050e-01   9.94999977760017e+00
   2.00000004470349e-01   6.28076135249648e-01   9.95999977737665e+00
   2.00000004470349e-01   6.28223097955207e-01   9.96999977715313e+00
   2.00000004470349e-01   6.28202143196810e-01   9.97999977692962e+00
   2.00000004470349e-01   6.28299373275773e-01   9.98999977670610e+00
