0 0 0	0
0.3 0 0	0
0.6 0 0	0
0.9 0 0	0
1.2 0 0	0
1.5 0 0	0
1.8 0 0	0
2.1 0.013 0	0.0523599
2.4 0.037 0.002	0.139626
2.7 0.063 0.007	0.20944
3 0.092 0.014	0.261799
3.3 0.124 0.022	0.296706
3.6 0.155 0.032	0.314159
3.9 0.189 0.043	0.314159
4.2 0.223 0.054	0.314159
4.5 0.26 0.066	0.296706
4.8 0.298 0.076	0.261799
5.1 0.335 0.086	0.244346
5.4 0.37 0.094	0.191986
5.7 0.408 0.1	0.122173
6 0.447 0.103	0.0523599
6.3 0.486 0.104	6.26573
6.6 0.525 0.102	6.17847
6.9 0.563 0.096	6.10865
7.2 0.601 0.088	6.03884
7.5 0.635 0.078	5.93412
7.8 0.669 0.065	5.84685
8.1 0.7 0.048	5.74213
8.4 0.728 0.03	5.67232
8.7 0.754 0.01	5.60251
9 0.779 -0.011	5.53269
9.3 0.802 -0.035	5.44543
9.6 0.823 -0.059	5.37561
9.9 0.842 -0.086	5.3058
10.2 0.859 -0.114	5.23599
10.5 0.875 -0.143	5.16617
10.8 0.888 -0.173	5.07891
11.1 0.898 -0.204	5.00909
11.4 0.907 -0.236	4.93928
11.7 0.913 -0.268	4.86947
12 0.916 -0.301	4.7822
12.3 0.918 -0.336	4.72984
12.6 0.918 -0.372	4.69494
12.9 0.916 -0.408	4.64258
13.2 0.913 -0.443	4.59022
13.5 0.908 -0.479	4.53786
13.8 0.902 -0.511	4.5204
14.1 0.896 -0.543	4.50295
14.4 0.888 -0.575	4.46804
14.7 0.88 -0.607	4.45059
15 0.871 -0.642	4.45059
15.3 0.861 -0.676	4.45059
15.6 0.852 -0.711	4.45059
15.9 0.843 -0.745	4.45059
16.2 0.833 -0.78	4.45059
16.5 0.824 -0.814	4.45059
16.8 0.814 -0.849	4.45059
17.1 0.805 -0.883	4.45059
17.4 0.796 -0.918	4.45059
17.7 0.786 -0.952	4.45059
18 0.777 -0.987	4.45059
18.3 0.768 -1.021	4.45059
18.6 0.758 -1.059	4.46804
18.9 0.75 -1.094	4.5204
19.2 0.744 -1.129	4.55531
19.5 0.74 -1.164	4.60767
19.8 0.737 -1.2	4.66003
20.1 0.736 -1.236	4.71239
20.4 0.737 -1.272	4.76475
20.7 0.739 -1.308	4.81711
21 0.744 -1.343	4.85202
21.3 0.75 -1.378	4.90438
21.6 0.758 -1.413	4.95674
21.9 0.767 -1.448	5.00909
22.2 0.778 -1.482	5.06145
22.5 0.79 -1.512	5.13127
22.8 0.805 -1.542	5.20108
23.1 0.821 -1.57	5.27089
23.4 0.839 -1.597	5.34071
23.7 0.86 -1.623	5.42797
24 0.882 -1.647	5.49779
24.3 0.906 -1.669	5.5676
24.6 0.932 -1.69	5.63741
24.9 0.959 -1.708	5.72468
25.2 0.987 -1.725	5.79449
25.5 1.016 -1.739	5.86431
25.8 1.047 -1.751	5.93412
26.1 1.078 -1.761	6.00393
26.4 1.11 -1.769	6.0912
26.7 1.142 -1.774	6.16101
27 1.178 -1.777	6.21337
27.3 1.214 -1.779	6.26573
27.6 1.25 -1.779	0.0174533
27.9 1.285 -1.777	0.0698132
28.2 1.321 -1.774	0.122173
28.5 1.357 -1.769	0.174533
28.8 1.392 -1.762	0.20944
29.1 1.427 -1.754	0.261799
29.4 1.461 -1.744	0.279253
29.7 1.495 -1.735	0.279253
