   0.00000000000000e+00   0.00000000000000e+00
   0.00000000000000e+00   0.00000000000000e+00
   0.00000000000000e+00   0.00000000000000e+00
   0.00000000000000e+00   0.00000000000000e+00
   0.00000000000000e+00   0.00000000000000e+00
   0.00000000000000e+00   0.00000000000000e+00
   0.00000000000000e+00   0.00000000000000e+00
   9.19239425362994e-03   9.19238205721625e-03
   2.47487556361443e-02   2.75771480480201e-02
   3.95980125829364e-02   4.94974484138487e-02
   5.51543786563790e-02   7.49532822165165e-02
   7.21249601685658e-02   1.03237542205744e-01
   8.69742218062862e-02   1.32228910383437e-01
   1.03237698882751e-01   1.64048704747689e-01
   1.19501175959215e-01   1.95868499111942e-01
   1.37178868474424e-01   2.30516719662754e-01
   1.56977880864099e-01   2.64457832025101e-01
   1.76069786003495e-01   2.97691838075355e-01
   1.95161689266519e-01   3.28097417000864e-01
   2.17789126904569e-01   3.59210100362094e-01
   2.43244990729178e-01   3.88908568284581e-01
   2.70115067177974e-01   4.17192821706509e-01
   2.99106462563051e-01   4.43355753377599e-01
   3.30219175946223e-01   4.65983149735479e-01
   3.62746101953582e-01   4.87196331592800e-01
   3.93858811584011e-01   5.04166873701189e-01
   4.27092840150721e-01   5.19016094058740e-01
   4.61033972214968e-01   5.28915566478893e-01
   4.93560888840470e-01   5.35986612712487e-01
   5.26087803589601e-01   5.40229231821335e-01
   5.58614717400546e-01   5.43057637367810e-01
   5.91848735647214e-01   5.42350508539260e-01
   6.23668539393323e-01   5.40229167086523e-01
   6.56195447575154e-01   5.34572291258762e-01
   6.88015247568521e-01   5.26794095556534e-01
   7.19835046623702e-01   5.17601686291933e-01
   7.50240630240138e-01   5.05580850840773e-01
   7.79231998417831e-01   4.90731589203052e-01
   8.08223365657338e-01   4.74468114002959e-01
   8.35093411146007e-01   4.56083319866585e-01
   8.60549241195932e-01   4.34870099543652e-01
   8.86712176619765e-01   4.11535558408066e-01
   9.12168003855133e-01   3.86079697398014e-01
   9.36209616589943e-01   3.59209623763774e-01
   9.58837015762380e-01   3.32339551067721e-01
   9.80757306746352e-01   3.03348158497201e-01
   9.99142065231670e-01   2.76478088615704e-01
   1.01752682371699e+00   2.49608018734208e-01
   1.03449736770175e+00   2.21323736228524e-01
   1.05146791168651e+00   1.93039453722840e-01
   1.06985266735727e+00   1.61926743154225e-01
   1.08682320946566e+00   1.30814033523796e-01
   1.10520796513642e+00   9.97013229551812e-02
   1.12288561449509e+00   6.92957196368454e-02
   1.14056326291557e+00   3.74759027561370e-02
   1.15824091227424e+00   7.07029943780124e-03
   1.17591856069472e+00  -2.47495174429073e-02
   1.19359621005339e+00  -5.51551207612430e-02
   1.21198096572415e+00  -8.62678313298578e-02
   1.22895150783254e+00  -1.17380540960287e-01
   1.24733626350330e+00  -1.48493251528902e-01
   1.26501391286197e+00  -1.78898854847238e-01
   1.28481288021873e+00  -2.12839993478784e-01
   1.30390474313977e+00  -2.43245597735305e-01
   1.32441082056137e+00  -2.72236989367640e-01
   1.34633111248353e+00  -2.99814168375787e-01
   1.36966561796806e+00  -3.27391348322120e-01
   1.39441433795315e+00  -3.53554315644265e-01
   1.42057727243879e+00  -3.78303070342224e-01
   1.44744731417472e+00  -4.02344718728089e-01
   1.47573157134939e+00  -4.23557940927394e-01
   1.50472293577434e+00  -4.44064056814606e-01
   1.53512851469985e+00  -4.63155960077630e-01
   1.56624120087564e+00  -4.81540757028561e-01
   1.59806099523989e+00  -4.97804234105026e-01
   1.62775947160605e+00  -5.10532175868280e-01
   1.65957926972304e+00  -5.21138798695253e-01
   1.69069196246613e+00  -5.29624100709574e-01
   1.72251176339768e+00  -5.35988082849430e-01
   1.75574577976798e+00  -5.39523638802725e-01
   1.78827269076437e+00  -5.40937873943368e-01
   1.82079960363713e+00  -5.39523681959266e-01
   1.85403362469835e+00  -5.35988170100697e-01
   1.88585343407357e+00  -5.29624230179197e-01
   1.91767324438698e+00  -5.21846076695324e-01
   1.94807884301439e+00  -5.11239495148520e-01
   1.97848444351817e+00  -4.97804486476970e-01
   2.00747583139776e+00  -4.82955263304862e-01
   2.03576011390344e+00  -4.65984719320102e-01
   2.06192307747285e+00  -4.46892853584505e-01
   2.08950025741918e+00  -4.23558348099974e-01
   2.11637033105342e+00  -3.99516735365165e-01
   2.14182619206347e+00  -3.74060908129796e-01
   2.16516073319906e+00  -3.47897972705964e-01
   2.18849527527283e+00  -3.20320823719758e-01
   2.21041560472241e+00  -2.91329460232994e-01
   2.23021461429753e+00  -2.61630988557765e-01
   2.24930651756056e+00  -2.31225409632256e-01
   2.26627710094911e+00  -2.00112722518283e-01
   2.28395479064977e+00  -1.69707142654589e-01
