   2.10000000000000e+01   3.36042100762532e-02
   2.25000000000000e+01   1.89302987472204e-02
   2.40000000000000e+01   3.70500442571753e-02
   2.55000000000000e+01   6.90746581823818e-02
   2.70000000000000e+01   1.03484014183721e-01
   2.85000000000000e+01   2.52725362101830e-01
   3.00000000000000e+01   2.76031021882916e-01
   3.15000000000000e+01   2.66313989792557e-01
   3.30000000000000e+01   2.76666036772565e-01
   3.45000000000000e+01   2.87486232665403e-01
   3.60000000000000e+01   2.90954014105439e-01
   3.75000000000000e+01   2.94148650911541e-01
   3.90000000000000e+01   3.02330162095858e-01
   4.05000000000000e+01   3.07532180793384e-01
   4.20000000000000e+01   3.13973805137650e-01
   4.35000000000000e+01   3.09448574465253e-01
   4.50000000000000e+01   3.05546012699142e-01
   4.65000000000000e+01   3.13402334461005e-01
   4.80000000000000e+01   3.20453697099426e-01
   4.95000000000000e+01   3.11795110855222e-01
   5.10000000000000e+01   2.98371998301210e-01
   5.25000000000000e+01   2.97924983699176e-01
   5.40000000000000e+01   3.31331247816834e-01
   5.55000000000000e+01   3.38047733515619e-01
   5.70000000000000e+01   3.44974575792430e-01
   5.85000000000000e+01   3.51563916486733e-01
   6.00000000000000e+01   3.65009921682237e-01
   6.15000000000000e+01   3.70416318823953e-01
   6.30000000000000e+01   3.81628819605831e-01
   6.45000000000000e+01   3.88748844129039e-01
   6.60000000000000e+01   3.96521707526566e-01
   6.75000000000000e+01   4.07536440374400e-01
   6.90000000000000e+01   4.23491884913563e-01
   7.05000000000000e+01   4.34068294960827e-01
   7.20000000000000e+01   4.43783670591956e-01
   7.35000000000000e+01   4.57602199129596e-01
   7.50000000000000e+01   4.70922827549352e-01
   7.65000000000000e+01   4.78988225339119e-01
   7.80000000000000e+01   4.84494091438648e-01
   7.95000000000000e+01   4.90311934441735e-01
   8.10000000000000e+01   5.00600255659582e-01
   8.25000000000000e+01   5.11142153455992e-01
   8.40000000000000e+01   5.19717321736714e-01
   8.55000000000000e+01   5.28918141158172e-01
   8.70000000000000e+01   5.37941573575588e-01
   8.85000000000000e+01   5.45622527308679e-01
   9.00000000000000e+01   5.55764599748425e-01
   9.15000000000000e+01   5.61485356279757e-01
   9.30000000000000e+01   5.71949643297037e-01
   9.45000000000000e+01   5.81026794688905e-01
   9.60000000000000e+01   5.84492302739137e-01
   9.75000000000000e+01   5.90256222886640e-01
   9.90000000000000e+01   5.92700172606747e-01
   1.00500000000000e+02   6.00269378134329e-01
   1.02000000000000e+02   6.03850151381890e-01
   1.03500000000000e+02   6.10487979045552e-01
   1.05000000000000e+02   6.09842020840018e-01
   1.06500000000000e+02   6.10454072554261e-01
   1.08000000000000e+02   6.13057442994716e-01
   1.09500000000000e+02   6.15566214516107e-01
   1.11000000000000e+02   6.16634614424649e-01
   1.12500000000000e+02   6.14352224354961e-01
   1.14000000000000e+02   6.05720931233447e-01
   1.15500000000000e+02   6.03923406602403e-01
   1.17000000000000e+02   5.98804200519115e-01
   1.18500000000000e+02   5.94764212697885e-01
   1.20000000000000e+02   5.85852149381375e-01
   1.21500000000000e+02   5.76803263109937e-01
   1.23000000000000e+02   5.61995261052922e-01
   1.24500000000000e+02   5.46582761400954e-01
   1.26000000000000e+02   5.35928639149868e-01
   1.27500000000000e+02   5.20769378770942e-01
   1.29000000000000e+02   5.04384201616450e-01
   1.30500000000000e+02   4.86997249071233e-01
   1.32000000000000e+02   4.67218825077454e-01
   1.33500000000000e+02   4.51451395354046e-01
   1.35000000000000e+02   4.26882144492295e-01
   1.36500000000000e+02   4.09039756654171e-01
   1.38000000000000e+02   3.89716945529432e-01
   1.39500000000000e+02   3.75403052097670e-01
   1.41000000000000e+02   3.53551374167106e-01
   1.42500000000000e+02   3.39296870549407e-01
   1.44000000000000e+02   3.21889774699241e-01
   1.45500000000000e+02   3.07420113209481e-01
   1.47000000000000e+02   4.26646290515601e-01
   1.48500000000000e+02   2.76680731573990e-01
   1.50000000000000e+02   2.65008819617949e-01
   1.51500000000000e+02   2.56034997115241e-01
   1.53000000000000e+02   2.46160611524463e-01
   1.54500000000000e+02   2.44539133315910e-01
  2.75859452840307e-313  3.90311860214585e-322
  5.42335859439936e-320   0.00000000000000e+00
  4.66137706570603e-310   0.00000000000000e+00
  6.94086261664864e-310   0.00000000000000e+00
   0.00000000000000e+00   0.00000000000000e+00
   0.00000000000000e+00   0.00000000000000e+00
  2.37151510003798e-322   0.00000000000000e+00
  4.74303020007597e-322  8.39911597930119e-323
  4.66137706328708e-310  1.69759663282162e-313
   0.00000000000000e+00  4.16645559137923e-320
  3.90311860214585e-322  4.66137706570603e-310
   0.00000000000000e+00  6.94086261664864e-310
   0.00000000000000e+00   0.00000000000000e+00
   0.00000000000000e+00   0.00000000000000e+00
   0.00000000000000e+00   0.00000000000000e+00
   0.00000000000000e+00  2.42092166462211e-322
   0.00000000000000e+00  4.66137706344598e-310
  4.44659081257122e-323  6.94086261664864e-310
  2.75859452830426e-313  2.15278324444554e-312
  5.35221314139822e-320   0.00000000000000e+00
  4.66137706570603e-310  4.74303020007597e-322
  6.94086261664864e-310  2.37151510003798e-322
   0.00000000000000e+00  4.66137706342700e-310
   0.00000000000000e+00  4.66137706327918e-310
   0.00000000000000e+00   0.00000000000000e+00
  2.42092166462211e-322   0.00000000000000e+00
  4.66137706330843e-310  7.11454530011395e-322
  6.94086261664864e-310  2.37151510003798e-322
  2.37151510003798e-322  4.66137706324044e-310
   0.00000000000000e+00  2.96439387504748e-323
  4.74303020007597e-322  5.51006164070333e-310
  4.74303020007597e-322   0.00000000000000e+00
  4.66137706329420e-310   0.00000000000000e+00
   0.00000000000000e+00  2.42092166462211e-322
  3.90311860214585e-322  4.66137706325230e-310
   0.00000000000000e+00  4.66137706344360e-310
   0.00000000000000e+00  4.66137706343570e-310
   0.00000000000000e+00  4.66137706344123e-310
   0.00000000000000e+00  1.18575755001899e-321
   0.00000000000000e+00  3.16202013338398e-322
   0.00000000000000e+00  4.66137706468233e-310
  4.94065645841247e-323   0.00000000000000e+00
  2.75859452830426e-313  1.48219693752374e-323
  5.25735253739670e-320   0.00000000000000e+00
  4.66137706570603e-310   0.00000000000000e+00
  6.94086261664864e-310   0.00000000000000e+00
   0.00000000000000e+00   0.00000000000000e+00
   0.00000000000000e+00  3.00885978317319e-321
   0.00000000000000e+00  4.66137706338669e-310
  2.42092166462211e-322  6.94086261664864e-310
  4.66137706332503e-310  4.51649405431767e-307
  6.94086261664864e-310   0.00000000000000e+00
  2.37151510003798e-322  2.37151510003798e-322
   0.00000000000000e+00  3.16202013338398e-322
  4.74303020007597e-322  4.66137706342937e-310
  4.74303020007597e-322   0.00000000000000e+00
  4.66137706338194e-310  1.48219693752374e-323
   0.00000000000000e+00   0.00000000000000e+00
  3.90311860214585e-322   0.00000000000000e+00
   0.00000000000000e+00  4.94065645841247e-324
   0.00000000000000e+00   0.00000000000000e+00
   0.00000000000000e+00  2.45550625983100e-321
   0.00000000000000e+00  4.66137706338669e-310
   0.00000000000000e+00  6.94086261664864e-310
   0.00000000000000e+00  1.47000217591082e-312
  7.90505033345994e-323   0.00000000000000e+00
  1.06099789553204e-313  2.37151510003798e-322
  2.42092166462211e-322  3.16202013338398e-322
  4.66137706072506e-310  4.66137706343491e-310
  4.66137706337483e-310   0.00000000000000e+00
  4.61755850667307e-310  1.48219693752374e-323
  4.66137706337088e-310   0.00000000000000e+00
  1.18575755001899e-321   0.00000000000000e+00
  4.74303020007597e-322  9.88131291682493e-324
  4.66137706330368e-310   0.00000000000000e+00
   0.00000000000000e+00  1.90215273648880e-321
  7.41098468761870e-323  4.66137706325230e-310
   0.00000000000000e+00  4.66137706343254e-310
   0.00000000000000e+00  1.66164429849681e-312
   0.00000000000000e+00   0.00000000000000e+00
   0.00000000000000e+00   0.00000000000000e+00
   0.00000000000000e+00  1.66500122648500e-321
   0.00000000000000e+00  4.66137706346732e-310
  5.43472210425371e-323  4.66137706331791e-310
  2.75859452830426e-313  4.94065645841247e-324
  5.09134648039405e-320   0.00000000000000e+00
  4.66137706570603e-310  8.48798316484922e-314
  6.94086261664864e-310   0.00000000000000e+00
   0.00000000000000e+00   0.00000000000000e+00
   0.00000000000000e+00   0.00000000000000e+00
  2.37151510003798e-322   0.00000000000000e+00
  4.74303020007597e-322   0.00000000000000e+00
  4.66137706332028e-310   0.00000000000000e+00
   0.00000000000000e+00   0.00000000000000e+00
  7.41098468761870e-323   0.00000000000000e+00
   0.00000000000000e+00   0.00000000000000e+00
   0.00000000000000e+00   0.00000000000000e+00
   0.00000000000000e+00   0.00000000000000e+00
   0.00000000000000e+00   0.00000000000000e+00
   0.00000000000000e+00   0.00000000000000e+00
   0.00000000000000e+00   0.00000000000000e+00
  5.92878775009496e-323   0.00000000000000e+00
  2.75859452830426e-313   0.00000000000000e+00
  5.02020102739291e-320   0.00000000000000e+00
  4.66137706330843e-310   0.00000000000000e+00
  6.94086261664864e-310   0.00000000000000e+00
   0.00000000000000e+00   0.00000000000000e+00
   0.00000000000000e+00   0.00000000000000e+00
  2.37151510003798e-322   0.00000000000000e+00
  4.74303020007597e-322   0.00000000000000e+00
  4.66137706332740e-310  1.18575755001899e-321
   0.00000000000000e+00  2.37151510003798e-322
  7.41098468761870e-323  4.66137706341989e-310
   0.00000000000000e+00  6.42285339593621e-323
   0.00000000000000e+00  2.58408240140929e+161
   0.00000000000000e+00  2.42748482624355e-312
   0.00000000000000e+00   0.00000000000000e+00
   0.00000000000000e+00  2.42092166462211e-322
   0.00000000000000e+00  4.66137706359459e-310
  6.42285339593621e-323  4.66137706347680e-310
  2.75859452830426e-313  4.66137706347285e-310
  4.94905557439177e-320   0.00000000000000e+00
  4.66137706330843e-310  4.50587869007217e-321
  6.94086261664864e-310  4.74303020007597e-322
   0.00000000000000e+00  4.66137706341277e-310
   0.00000000000000e+00   0.00000000000000e+00
  2.37151510003798e-322  3.90311860214585e-322
  4.74303020007597e-322   0.00000000000000e+00
  4.66137706333451e-310   0.00000000000000e+00
   0.00000000000000e+00   0.00000000000000e+00
  7.41098468761870e-323   0.00000000000000e+00
   0.00000000000000e+00   0.00000000000000e+00
   0.00000000000000e+00   0.00000000000000e+00
   0.00000000000000e+00  4.94065645841247e-324
   0.00000000000000e+00  1.06099789553204e-313
   0.00000000000000e+00  3.66843742037126e-320
   0.00000000000000e+00  4.66137706570603e-310
  6.91691904177745e-323  6.94086261664864e-310
  2.75859452830426e-313   0.00000000000000e+00
  4.87791012139063e-320   0.00000000000000e+00
  4.66137706330843e-310   0.00000000000000e+00
  6.94086261664864e-310  2.42092166462211e-322
   0.00000000000000e+00  4.66137706347680e-310
   0.00000000000000e+00  6.94086261664864e-310
  2.37151510003798e-322  2.47032822920623e-322
  4.74303020007597e-322   0.00000000000000e+00
  4.66137706334163e-310  4.74303020007597e-322
   0.00000000000000e+00  4.74303020007597e-322
  3.90311860214585e-322  4.66137706346258e-310
   0.00000000000000e+00   0.00000000000000e+00
   0.00000000000000e+00  7.41098468761870e-323
   0.00000000000000e+00   0.00000000000000e+00
   0.00000000000000e+00   0.00000000000000e+00
   0.00000000000000e+00   0.00000000000000e+00
   0.00000000000000e+00   0.00000000000000e+00
  2.47032822920623e-323   0.00000000000000e+00
  2.75859452830426e-313   0.00000000000000e+00
  4.80676466838949e-320  9.88131291682493e-324
  4.66137706330843e-310  2.75859452840307e-313
  6.94086261664864e-310  3.57357681636974e-320
   0.00000000000000e+00  4.66137706570603e-310
   0.00000000000000e+00  6.94086261664864e-310
   0.00000000000000e+00   0.00000000000000e+00
  2.42092166462211e-322   0.00000000000000e+00
  4.66137706336297e-310   0.00000000000000e+00
  6.94086261664864e-310  1.66500122648500e-321
  2.42092166462211e-322  4.66137706359459e-310
   0.00000000000000e+00  4.66137706346020e-310
  4.74303020007597e-322  4.94065645841247e-324
  4.74303020007597e-322   0.00000000000000e+00
  4.66137706334874e-310  3.39519326603850e-313
   0.00000000000000e+00   0.00000000000000e+00
  1.53160350210786e-322   0.00000000000000e+00
   0.00000000000000e+00   0.00000000000000e+00
   0.00000000000000e+00   0.00000000000000e+00
   0.00000000000000e+00   0.00000000000000e+00
   0.00000000000000e+00   0.00000000000000e+00
   0.00000000000000e+00   0.00000000000000e+00
   0.00000000000000e+00   0.00000000000000e+00
  3.45845952088873e-323  8.48798316435515e-314
  2.33419537011121e-313   0.00000000000000e+00
  4.71190406438797e-320   0.00000000000000e+00
  4.66137706330843e-310   0.00000000000000e+00
  6.94086261664864e-310   0.00000000000000e+00
   0.00000000000000e+00   0.00000000000000e+00
   0.00000000000000e+00   0.00000000000000e+00
   0.00000000000000e+00   0.00000000000000e+00
  4.79243676466009e-322   0.00000000000000e+00
  4.66137706337483e-310   0.00000000000000e+00
  6.94086261664864e-310   0.00000000000000e+00
  1.48219693752374e-322   0.00000000000000e+00
   0.00000000000000e+00   0.00000000000000e+00
  2.37151510003798e-322   0.00000000000000e+00
  2.37151510003798e-322   0.00000000000000e+00
  4.66137706336297e-310  1.18575755001899e-321
  1.32645606303062e+199  2.37151510003798e-322
  2.58408241784097e+161  4.66137706346020e-310
  2.42748482624355e-312  6.42285339593621e-323
  7.11454530011395e-322  2.58408227587259e+161
  4.74303020007597e-322  2.42748482624355e-312
  4.66137706335823e-310   0.00000000000000e+00
   0.00000000000000e+00  2.42092166462211e-322
  1.53160350210786e-322  4.66137706354242e-310
   0.00000000000000e+00  4.66137706352424e-310
   0.00000000000000e+00  2.15219945211581e-312
   0.00000000000000e+00  4.66137706351080e-310
   0.00000000000000e+00  1.89721208003039e-321
   0.00000000000000e+00  4.74303020007597e-322
   0.00000000000000e+00  4.66137706347206e-310
  3.95252516672997e-323   0.00000000000000e+00
  2.33419537011121e-313  7.41098468761870e-323
  4.59332830938607e-320   0.00000000000000e+00
  4.66137706330843e-310   0.00000000000000e+00
  6.94086261664864e-310   0.00000000000000e+00
   0.00000000000000e+00   0.00000000000000e+00
   0.00000000000000e+00   0.00000000000000e+00
   0.00000000000000e+00   0.00000000000000e+00
  4.79243676466009e-322  4.94065645841247e-324
  4.66137706338669e-310  1.90979621191815e-313
  6.94086261664864e-310  3.33642530636594e-320
