   2.10000000000000e+01   2.87369939409394e-02
   2.25000000000000e+01   1.64499076920112e-02
   2.40000000000000e+01   3.27959762963929e-02
   2.55000000000000e+01   6.20977395532324e-02
   2.70000000000000e+01   9.44038824977807e-02
   2.85000000000000e+01   2.35700345797137e-01
   3.00000000000000e+01   2.60223386787686e-01
   3.15000000000000e+01   2.54911993118343e-01
   3.30000000000000e+01   2.68141916867490e-01
   3.45000000000000e+01   2.82404017913294e-01
   3.60000000000000e+01   2.91191300018593e-01
   3.75000000000000e+01   2.99330260934000e-01
   3.90000000000000e+01   3.13527796458948e-01
   4.05000000000000e+01   3.25925210857603e-01
   4.20000000000000e+01   3.41207718730007e-01
   4.35000000000000e+01   3.44850574521553e-01
   4.50000000000000e+01   3.51239629912327e-01
   4.65000000000000e+01   3.75045514123882e-01
   4.80000000000000e+01   3.95925445266279e-01
   4.95000000000000e+01   3.92941498260387e-01
   5.10000000000000e+01   3.81482998264332e-01
   5.25000000000000e+01   3.89818277518566e-01
   5.40000000000000e+01   4.53952762194943e-01
   5.55000000000000e+01   4.84958350242494e-01
   5.70000000000000e+01   5.20180743409020e-01
   5.85000000000000e+01   5.56903638963577e-01
   6.00000000000000e+01   6.17323578797408e-01
   6.15000000000000e+01   6.64217473849206e-01
   6.30000000000000e+01   7.34626453562825e-01
   6.45000000000000e+01   8.00800678435092e-01
   6.60000000000000e+01   8.81611490990753e-01
   6.75000000000000e+01   9.94176881366355e-01
   6.90000000000000e+01   1.15779907671403e+00
   7.05000000000000e+01   1.33117957054726e+00
   7.20000000000000e+01   1.54588466225822e+00
   7.35000000000000e+01   1.87331919657827e+00
   7.50000000000000e+01   2.33058994103268e+00
   7.65000000000000e+01   2.89780928996587e+00
   7.80000000000000e+01   3.67704003699196e+00
   7.95000000000000e+01   4.95350787613546e+00
   8.10000000000000e+01   7.45472227949582e+00
   8.25000000000000e+01   1.01544971422616e+01
   8.40000000000000e+01   7.99929545739411e+00
   8.55000000000000e+01   5.39433418342734e+00
   8.70000000000000e+01   3.97601196886916e+00
   8.85000000000000e+01   3.12210917111863e+00
   9.00000000000000e+01   2.59653146126280e+00
   9.15000000000000e+01   2.24724108497660e+00
   9.30000000000000e+01   1.96589287439711e+00
   9.45000000000000e+01   1.75626129887788e+00
   9.60000000000000e+01   1.58670964152155e+00
   9.75000000000000e+01   1.44756139758995e+00
   9.90000000000000e+01   1.33480230555384e+00
   1.00500000000000e+02   1.23864576378737e+00
   1.02000000000000e+02   1.15511906981807e+00
   1.03500000000000e+02   1.08460652175359e+00
   1.05000000000000e+02   1.02093157212689e+00
   1.06500000000000e+02   9.66131811715165e-01
   1.08000000000000e+02   9.15147376855699e-01
   1.09500000000000e+02   8.69426557998775e-01
   1.11000000000000e+02   8.27331673780973e-01
   1.12500000000000e+02   7.89223939344796e-01
   1.14000000000000e+02   7.47862563270708e-01
   1.15500000000000e+02   7.14678777323980e-01
   1.17000000000000e+02   6.83334388223453e-01
   1.18500000000000e+02   6.54685778778991e-01
   1.20000000000000e+02   6.25606634321048e-01
   1.21500000000000e+02   5.98315146810684e-01
   1.23000000000000e+02   5.70265039033022e-01
   1.24500000000000e+02   5.43074407226092e-01
   1.26000000000000e+02   5.19734387134487e-01
   1.27500000000000e+02   4.95084115374056e-01
   1.29000000000000e+02   4.70827989368399e-01
   1.30500000000000e+02   4.46521645195177e-01
   1.32000000000000e+02   4.22673306955327e-01
   1.33500000000000e+02   4.02666787258444e-01
   1.35000000000000e+02   3.78536663410772e-01
   1.36500000000000e+02   3.58646066064653e-01
   1.38000000000000e+02   3.38628398631400e-01
   1.39500000000000e+02   3.22204775612516e-01
   1.41000000000000e+02   3.02008972971394e-01
   1.42500000000000e+02   2.86986004835555e-01
   1.44000000000000e+02   2.70378228668326e-01
   1.45500000000000e+02   2.56283049402067e-01
   1.47000000000000e+02   3.19545508486219e-01
   1.48500000000000e+02   2.28116933494765e-01
   1.50000000000000e+02   2.16972506245018e-01
   1.51500000000000e+02   2.07936683354120e-01
   1.53000000000000e+02   1.98594746122514e-01
   1.54500000000000e+02   1.95020113641940e-01
  2.37151510003798e-322   0.00000000000000e+00
  2.37151510003798e-322  5.97819431467908e-322
  4.64138014513452e-310  2.33419537011121e-313
  2.30187703048802e+161  1.30991624681890e-319
  3.54164535367902e-317  4.64138014733134e-310
   0.00000000000000e+00  6.91990887533568e-310
   0.00000000000000e+00   0.00000000000000e+00
  4.79243676466009e-322   0.00000000000000e+00
  4.64138014515824e-310   0.00000000000000e+00
  6.91990887533568e-310  4.79243676466009e-322
  1.72922976044436e-322  4.64138014528156e-310
   0.00000000000000e+00  6.91990887533568e-310
  2.37151510003798e-322  1.48219693752374e-322
  2.37151510003798e-322   0.00000000000000e+00
  4.64138014514401e-310  2.37151510003798e-322
  1.82047125521088e+223  2.37151510003798e-322
  1.34704896905672e+228  4.64138014526970e-310
  3.80985847000882e+180  1.53330442452928e+228
  9.48606040015193e-322  9.23604188574886e+242
  4.74303020007597e-322  6.21436115518828e-310
  4.64138014513927e-310  7.11454530011395e-322
   0.00000000000000e+00  4.74303020007597e-322
  1.53160350210786e-322  4.64138014526496e-310
   0.00000000000000e+00   0.00000000000000e+00
   0.00000000000000e+00  1.53160350210786e-322
   0.00000000000000e+00   0.00000000000000e+00
   0.00000000000000e+00   0.00000000000000e+00
   0.00000000000000e+00   0.00000000000000e+00
   0.00000000000000e+00   0.00000000000000e+00
  5.78056805634258e-322   0.00000000000000e+00
  2.33419537011121e-313   0.00000000000000e+00
  1.42137745652068e-319  6.02760087926321e-322
  4.64138014733134e-310  2.33419537011121e-313
  6.91990887533568e-310  1.29805867131871e-319
   0.00000000000000e+00  4.64138014733134e-310
   0.00000000000000e+00  6.91990887533568e-310
  2.37151510003798e-322   0.00000000000000e+00
  2.37151510003798e-322   0.00000000000000e+00
  4.64138014514875e-310   0.00000000000000e+00
  2.30187904185460e+161  4.79243676466009e-322
  3.54164535367902e-317  4.64138014529342e-310
   0.00000000000000e+00  6.91990887533568e-310
   0.00000000000000e+00  1.48219693752374e-322
  4.79243676466009e-322   0.00000000000000e+00
  4.64138014517247e-310  2.37151510003798e-322
  6.91990887533568e-310  2.37151510003798e-322
  1.72922976044436e-322  4.64138014528156e-310
   0.00000000000000e+00  1.53330442452928e+228
  2.37151510003798e-322  7.69843740397235e+218
  2.37151510003798e-322  9.48236260041023e-315
  4.64138014515824e-310  7.11454530011395e-322
  1.82047125521088e+223  4.74303020007597e-322
  3.06837288579725e+257  4.64138014527681e-310
  3.80985847000893e+180   0.00000000000000e+00
  9.48606040015193e-322  1.53160350210786e-322
  4.74303020007597e-322   0.00000000000000e+00
  4.64138014515350e-310   0.00000000000000e+00
   0.00000000000000e+00   0.00000000000000e+00
  1.53160350210786e-322   0.00000000000000e+00
   0.00000000000000e+00   0.00000000000000e+00
   0.00000000000000e+00   0.00000000000000e+00
   0.00000000000000e+00  6.47225996052033e-322
   0.00000000000000e+00  2.33419537011121e-313
   0.00000000000000e+00  1.28620109581852e-319
   0.00000000000000e+00  4.64138014733134e-310
  7.06513873552983e-322  6.91990887533568e-310
  2.33419537011121e-313   0.00000000000000e+00
  1.40714836592045e-319   0.00000000000000e+00
  4.64138014733134e-310   0.00000000000000e+00
  6.91990887533568e-310  4.79243676466009e-322
   0.00000000000000e+00  4.64138014530527e-310
   0.00000000000000e+00  6.91990887533568e-310
   0.00000000000000e+00  1.48219693752374e-322
  4.79243676466009e-322   0.00000000000000e+00
  4.64138014518433e-310  2.37151510003798e-322
  6.91990887533568e-310  2.37151510003798e-322
  1.48219693752374e-322  4.64138014529342e-310
   0.00000000000000e+00   3.21892161224129e+88
  2.37151510003798e-322  7.69843740098291e+218
  2.37151510003798e-322  9.48236260041023e-315
  4.64138014517247e-310  7.11454530011395e-322
  1.82047125521088e+223  4.74303020007597e-322
  7.69843740418423e+218  4.64138014528867e-310
  9.48236260041023e-315   0.00000000000000e+00
  7.11454530011395e-322  1.53160350210786e-322
  4.74303020007597e-322   0.00000000000000e+00
  4.64138014516772e-310   0.00000000000000e+00
   0.00000000000000e+00   0.00000000000000e+00
  1.53160350210786e-322   0.00000000000000e+00
   0.00000000000000e+00   0.00000000000000e+00
   0.00000000000000e+00   0.00000000000000e+00
   0.00000000000000e+00  7.41098468761870e-322
   0.00000000000000e+00  2.33419537011121e-313
   0.00000000000000e+00  1.27434352031833e-319
   0.00000000000000e+00  4.64138014733134e-310
  6.62047965427270e-322  6.91990887533568e-310
  2.33419537011121e-313   0.00000000000000e+00
  1.39529079042026e-319   0.00000000000000e+00
  4.64138014733134e-310   0.00000000000000e+00
  6.91990887533568e-310  4.79243676466009e-322
   0.00000000000000e+00  4.64138014531713e-310
   0.00000000000000e+00  6.91990887533568e-310
   0.00000000000000e+00  1.53160350210786e-322
  4.79243676466009e-322   0.00000000000000e+00
  4.64138014519618e-310  2.37151510003798e-322
  6.91990887533568e-310  2.37151510003798e-322
  1.48219693752374e-322  4.64138014530527e-310
   0.00000000000000e+00  4.31586827184724e+242
  2.37151510003798e-322  5.78899408573919e+160
  2.37151510003798e-322  1.63732569999286e-306
  4.64138014518433e-310  7.11454530011395e-322
  1.33520131833179e+228  4.74303020007597e-322
  4.90922779487714e+252  4.64138014530053e-310
  1.44687124384609e-319   0.00000000000000e+00
  7.11454530011395e-322  1.53160350210786e-322
  4.74303020007597e-322   0.00000000000000e+00
  4.64138014517958e-310   0.00000000000000e+00
   0.00000000000000e+00   0.00000000000000e+00
  1.53160350210786e-322   0.00000000000000e+00
   0.00000000000000e+00   0.00000000000000e+00
   0.00000000000000e+00   0.00000000000000e+00
   0.00000000000000e+00  9.93071948140906e-322
   0.00000000000000e+00  2.33419537011121e-313
   0.00000000000000e+00  1.26248594481814e-319
   0.00000000000000e+00  4.64138014733134e-310
  5.82997462092671e-322  6.91990887533568e-310
  2.33419537011121e-313   0.00000000000000e+00
  1.38343321492007e-319   0.00000000000000e+00
  4.64138014733134e-310   0.00000000000000e+00
  6.91990887533568e-310  4.79243676466009e-322
   0.00000000000000e+00  4.64138014532899e-310
   0.00000000000000e+00  6.91990887533568e-310
   0.00000000000000e+00  1.53160350210786e-322
  4.79243676466009e-322   0.00000000000000e+00
  4.64138014520804e-310  2.37151510003798e-322
  6.91990887533568e-310  2.37151510003798e-322
  1.48219693752374e-322  4.64138014531713e-310
   0.00000000000000e+00  4.31586827184724e+242
  2.37151510003798e-322  5.77244451392059e+160
  2.37151510003798e-322  1.63732569999286e-306
  4.64138014519618e-310  7.11454530011395e-322
   2.80303657350413e+88  4.74303020007597e-322
  4.90922779487712e+252  4.64138014531239e-310
  1.44687124384609e-319   0.00000000000000e+00
  7.11454530011395e-322  1.53160350210786e-322
  4.74303020007597e-322   0.00000000000000e+00
  4.64138014519144e-310   0.00000000000000e+00
   0.00000000000000e+00   0.00000000000000e+00
  1.53160350210786e-322   0.00000000000000e+00
   0.00000000000000e+00   0.00000000000000e+00
   0.00000000000000e+00   0.00000000000000e+00
   0.00000000000000e+00  4.94115052405831e-320
   0.00000000000000e+00  2.33419537011121e-313
   0.00000000000000e+00  1.25062836931795e-319
   0.00000000000000e+00  4.64138014733134e-310
  5.87938118551083e-322  6.91990887533568e-310
  2.33419537011121e-313   0.00000000000000e+00
  1.37157563941988e-319   0.00000000000000e+00
  4.64138014733134e-310  2.37151510003798e-322
  6.91990887533568e-310  2.37151510003798e-322
   0.00000000000000e+00  4.64138014531950e-310
   0.00000000000000e+00  2.30185124540100e+161
  2.37151510003798e-322  3.54164535367902e-317
  2.37151510003798e-322   0.00000000000000e+00
  4.64138014519855e-310   0.00000000000000e+00
  2.58415090646993e+161  4.79243676466009e-322
  5.38531553966959e-322  4.64138014534322e-310
   0.00000000000000e+00  6.91990887533568e-310
   0.00000000000000e+00  1.72922976044436e-322
  4.79243676466009e-322   0.00000000000000e+00
  4.64138014522227e-310  2.37151510003798e-322
  6.91990887533568e-310  2.37151510003798e-322
  1.63041663127611e-322  4.64138014532899e-310
   0.00000000000000e+00   2.10955246779845e+93
  2.37151510003798e-322  6.80181536578152e+199
  2.37151510003798e-322  3.80985847000740e+180
  4.64138014520804e-310  9.48606040015193e-322
  9.45999905295365e+179  4.74303020007597e-322
  2.86523884609378e+161  4.64138014532424e-310
  5.28964690943645e+180   0.00000000000000e+00
  9.48606040015193e-322  1.53160350210786e-322
  4.74303020007597e-322   0.00000000000000e+00
  4.64138014520330e-310   0.00000000000000e+00
   0.00000000000000e+00   0.00000000000000e+00
  1.53160350210786e-322   0.00000000000000e+00
   0.00000000000000e+00   0.00000000000000e+00
   0.00000000000000e+00   0.00000000000000e+00
   0.00000000000000e+00  6.42285339593621e-322
   0.00000000000000e+00  2.33419537011121e-313
   0.00000000000000e+00  1.23639927871772e-319
   0.00000000000000e+00  4.64138014733134e-310
  5.92878775009496e-322  6.91990887533568e-310
  2.33419537011121e-313   0.00000000000000e+00
  1.35734654881966e-319   0.00000000000000e+00
  4.64138014733134e-310   0.00000000000000e+00
  6.91990887533568e-310  4.79243676466009e-322
   0.00000000000000e+00  4.64138014535507e-310
   0.00000000000000e+00  6.91990887533568e-310
   0.00000000000000e+00  1.48219693752374e-322
  4.79243676466009e-322   0.00000000000000e+00
  4.64138014523413e-310  2.37151510003798e-322
  6.91990887533568e-310  2.37151510003798e-322
  1.48219693752374e-322  4.64138014534322e-310
   0.00000000000000e+00  2.24092692697626e+276
  2.37151510003798e-322  2.58408238464828e+161
  2.37151510003798e-322  2.42748482624355e-312
  4.64138014522227e-310  7.11454530011395e-322
  5.35416971934706e+107  4.74303020007597e-322
  4.90922779487712e+252  4.64138014533847e-310
  1.44687124384609e-319   0.00000000000000e+00
  7.11454530011395e-322  1.53160350210786e-322
  4.74303020007597e-322   0.00000000000000e+00
  4.64138014521753e-310   0.00000000000000e+00
   0.00000000000000e+00   0.00000000000000e+00
  1.53160350210786e-322   0.00000000000000e+00
   0.00000000000000e+00   0.00000000000000e+00
   0.00000000000000e+00   0.00000000000000e+00
   0.00000000000000e+00  7.21335842928220e-322
   0.00000000000000e+00  2.33419537011121e-313
   0.00000000000000e+00  1.22454170321753e-319
