   0.00000000000000e+00  -6.73574000000000e-02
   7.53851196329072e-03  -3.27753465776659e-02
   1.50770239265814e-02   6.58313831384947e-04
   2.26155358898722e-02   3.29594107242601e-02
   3.01540478531629e-02   6.41436867175206e-02
   3.76925598164536e-02   9.42267975471812e-02
   4.52310717797443e-02   1.23224312068710e-01
   5.27695837430351e-02   1.51151712257029e-01
   6.03080957063258e-02   1.78024393206514e-01
   6.78466076696165e-02   2.03857663130994e-01
   7.53851196329072e-02   2.28666743363750e-01
   8.29236315961980e-02   2.52466768357520e-01
   9.04621435594887e-02   2.75272785684494e-01
   9.80006555227794e-02   2.97099756036314e-01
   1.05539167486070e-01   3.17962553224077e-01
   1.13077679449361e-01   3.37875964178334e-01
   1.20616191412652e-01   3.56854688949090e-01
   1.28154703375942e-01   3.74913340705801e-01
   1.35693215339233e-01   3.92066445737379e-01
   1.43231727302524e-01   4.08328443452189e-01
   1.50770239265814e-01   4.23713686378049e-01
   1.58308751229105e-01   4.38236440162232e-01
   1.65847263192396e-01   4.51910883571462e-01
   1.73385775155687e-01   4.64751108491920e-01
   1.80924287118977e-01   4.76771119929237e-01
   1.88462799082268e-01   4.87984836008501e-01
   1.96001311045559e-01   4.98406087974251e-01
   2.03539823008850e-01   5.08048620190480e-01
   2.11078334972140e-01   5.16926090140636e-01
   2.18616846935431e-01   5.25052068427619e-01
   2.26155358898722e-01   5.32440038773784e-01
   2.33693870862012e-01   5.39103398020939e-01
   2.41232382825303e-01   5.45055456130344e-01
   2.48770894788594e-01   5.50309436182716e-01
   2.56309406751885e-01   5.54878474378221e-01
   2.63847918715175e-01   5.58775620036484e-01
   2.71386430678466e-01   5.62013835596579e-01
   2.78924942641757e-01   5.64605996617035e-01
   2.86463454605048e-01   5.66564891775837e-01
   2.94001966568338e-01   5.67903222870419e-01
   3.01540478531629e-01   5.68633604817673e-01
   3.09078990494920e-01   5.68768565653941e-01
   3.16617502458211e-01   5.68320546535022e-01
   3.24156014421501e-01   5.67301901736166e-01
   3.31694526384792e-01   5.65724898652077e-01
   3.39233038348083e-01   5.63601717796913e-01
   3.46771550311374e-01   5.60944452804287e-01
   3.54310062274664e-01   5.57765110427263e-01
   3.61848574237955e-01   5.54075610538359e-01
   3.69387086201246e-01   5.49887786129549e-01
   3.76925598164537e-01   5.45213383312258e-01
   3.84464110127827e-01   5.40064061317366e-01
   3.92002622091118e-01   5.34451392495205e-01
   3.99541134054409e-01   5.28386862315563e-01
   4.07079646017700e-01   5.21881869367680e-01
   4.14618157980990e-01   5.14947725360248e-01
   4.22156669944281e-01   5.07595655121417e-01
   4.29695181907572e-01   4.99836796598787e-01
   4.37233693870863e-01   4.91682200859412e-01
   4.44772205834153e-01   4.83142832089800e-01
   4.52310717797444e-01   4.74229567595914e-01
   4.59849229760735e-01   4.64953197803169e-01
   4.67387741724026e-01   4.55324426256433e-01
   4.74926253687316e-01   4.45353869620029e-01
   4.82464765650607e-01   4.35052057677734e-01
   4.90003277613898e-01   4.24429433332776e-01
   4.97541789577189e-01   4.13496352607839e-01
   5.05080301540479e-01   4.02263084645060e-01
   5.12618813503770e-01   3.90739811706030e-01
   5.20157325467061e-01   3.78936629171791e-01
   5.27695837430351e-01   3.66863545542843e-01
   5.35234349393642e-01   3.54530482439135e-01
   5.42772861356933e-01   3.41947274600073e-01
   5.50311373320224e-01   3.29123669884516e-01
   5.57849885283514e-01   3.16069329270774e-01
   5.65388397246805e-01   3.02793826856613e-01
   5.72926909210096e-01   2.89306649859253e-01
   5.80465421173386e-01   2.75617198615367e-01
   5.88003933136677e-01   2.61734786581079e-01
   5.95542445099968e-01   2.47668640331971e-01
   6.03080957063258e-01   2.33427899563076e-01
   6.10619469026549e-01   2.19021617088879e-01
   6.18157980989840e-01   2.04458758843323e-01
   6.25696492953130e-01   1.89748203879801e-01
   6.33235004916421e-01   1.74898744371161e-01
   6.40773516879712e-01   1.59919085609705e-01
   6.48312028843003e-01   1.44817846007186e-01
   6.55850540806293e-01   1.29603557094815e-01
   6.63389052769584e-01   1.14284663523252e-01
   6.70927564732875e-01   9.88695230626135e-02
   6.78466076696165e-01   8.33664066024685e-02
   6.86004588659456e-01   6.77834981518400e-02
   6.93543100622747e-01   5.21288948392039e-02
   7.01081612586037e-01   3.64106069124909e-02
   7.08620124549328e-01   2.06365577390850e-02
   7.16158636512619e-01   4.81458380582202e-03
   7.23697148475909e-01  -1.10475652810060e-02
   7.31235660439200e-01  -2.69422267956571e-02
   7.38774172402491e-01  -4.28618248929311e-02
   7.46312684365782e-01  -5.87988706081771e-02
   7.53851196329072e-01  -7.47459618572909e-02
   7.61389708292363e-01  -9.06957834367114e-02
   7.68928220255654e-01  -1.06641107023429e-01
   7.76466732218944e-01  -1.22574791174977e-01
   7.84005244182235e-01  -1.38489781329437e-01
   7.91543756145526e-01  -1.54379109805434e-01
   7.99082268108816e-01  -1.70235895802141e-01
   8.06620780072107e-01  -1.86053345399283e-01
   8.14159292035398e-01  -2.01824751557120e-01
   8.21697803998689e-01  -2.17543494116469e-01
   8.29236315961979e-01  -2.33203039798685e-01
   8.36774827925270e-01  -2.48796942205677e-01
   8.44313339888561e-01  -2.64318841819897e-01
   8.51851851851851e-01  -2.79762466004342e-01
   8.59390363815142e-01  -2.95121629002556e-01
   8.66928875778433e-01  -3.10390231938632e-01
   8.74467387741723e-01  -3.25562262817207e-01
   8.82005899705014e-01  -3.40631796523464e-01
   8.89544411668305e-01  -3.55592994823136e-01
   8.97082923631595e-01  -3.70440106362497e-01
   9.04621435594886e-01  -3.85167466668373e-01
   9.12159947558177e-01  -3.99769498148131e-01
   9.19698459521468e-01  -4.14240710089689e-01
   9.27236971484758e-01  -4.28575698661510e-01
   9.34775483448049e-01  -4.42769146912599e-01
   9.42313995411340e-01  -4.56815824772515e-01
   9.49852507374630e-01  -4.70710589051361e-01
   9.57391019337921e-01  -4.84448383439782e-01
   9.64929531301212e-01  -4.98024238508974e-01
   9.72468043264502e-01  -5.11433271710679e-01
   9.80006555227793e-01  -5.24670687377181e-01
   9.87545067191084e-01  -5.37731776721317e-01
   9.95083579154375e-01  -5.50611917836468e-01
   1.00262209111767e+00  -5.63306575696560e-01
   1.01016060308096e+00  -5.75811302156061e-01
   1.01769911504425e+00  -5.88121735949999e-01
   1.02523762700754e+00  -6.00233602693936e-01
   1.03277613897083e+00  -6.12142714883981e-01
   1.04031465093412e+00  -6.23844971896798e-01
   1.04785316289741e+00  -6.35336359989591e-01
   1.05539167486070e+00  -6.46612952300109e-01
   1.06293018682399e+00  -6.57670908846654e-01
   1.07046869878728e+00  -6.68506476528068e-01
   1.07800721075057e+00  -6.79115989123742e-01
   1.08554572271386e+00  -6.89495867293614e-01
   1.09308423467715e+00  -6.99642618578165e-01
   1.10062274664044e+00  -7.09552837398430e-01
   1.10816125860374e+00  -7.19223205055982e-01
   1.11569977056703e+00  -7.28650489732947e-01
   1.12323828253032e+00  -7.37831546491988e-01
   1.13077679449361e+00  -7.46763317276330e-01
   1.13831530645690e+00  -7.55442830909727e-01
   1.14585381842019e+00  -7.63867203096493e-01
   1.15339233038348e+00  -7.72033636421481e-01
   1.16093084234677e+00  -7.79939420350093e-01
   1.16846935431006e+00  -7.87581931228274e-01
   1.17600786627335e+00  -7.94958632282520e-01
   1.18354637823664e+00  -8.02067073619878e-01
   1.19108489019993e+00  -8.08904892227925e-01
   1.19862340216322e+00  -8.15469811974799e-01
   1.20616191412651e+00  -8.21759643609182e-01
   1.21370042608980e+00  -8.27772284760300e-01
   1.22123893805310e+00  -8.33505719937920e-01
   1.22877745001639e+00  -8.38958020532366e-01
   1.23631596197968e+00  -8.44127344814505e-01
   1.24385447394297e+00  -8.49011937935750e-01
   1.25139298590626e+00  -8.53610131928055e-01
   1.25893149786955e+00  -8.57920345703923e-01
   1.26647000983284e+00  -8.61941085056412e-01
   1.27400852179613e+00  -8.65670942659119e-01
   1.28154703375942e+00  -8.69108598066180e-01
   1.28908554572271e+00  -8.72252817712297e-01
   1.29662405768600e+00  -8.75102454912698e-01
   1.30416256964929e+00  -8.77656449863173e-01
   1.31170108161258e+00  -8.79913829640044e-01
   1.31923959357587e+00  -8.81873708200196e-01
   1.32677810553917e+00  -8.83535286381045e-01
   1.33431661750246e+00  -8.84897851900561e-01
   1.34185512946575e+00  -8.85960779357265e-01
   1.34939364142904e+00  -8.86723530230212e-01
   1.35693215339233e+00  -8.87185652879013e-01
   1.36447066535562e+00  -8.87346782543825e-01
   1.37200917731891e+00  -8.87206641345348e-01
   1.37954768928220e+00  -8.86765038284824e-01
   1.38708620124549e+00  -8.86021869244055e-01
   1.39462471320878e+00  -8.84977116985379e-01
   1.40216322517207e+00  -8.83630851151678e-01
   1.40970173713536e+00  -8.81983228266396e-01
   1.41724024909865e+00  -8.80034491733503e-01
   1.42477876106194e+00  -8.77784971837523e-01
   1.43231727302523e+00  -8.75235085743541e-01
   1.43985578498853e+00  -8.72385337497161e-01
   1.44739429695182e+00  -8.69236318024558e-01
   1.45493280891511e+00  -8.65788705132443e-01
   1.46247132087840e+00  -8.62043263508075e-01
   1.47000983284169e+00  -8.58000844719251e-01
   1.47754834480498e+00  -8.53662387214326e-01
   1.48508685676827e+00  -8.49028916322194e-01
   1.49262536873156e+00  -8.44101544252319e-01
   1.50016388069485e+00  -8.38881470094663e-01
   1.50770239265814e+00  -8.33369979819775e-01
   1.51524090462143e+00  -8.27568446278740e-01
   1.52277941658472e+00  -8.21478329203188e-01
   1.53031792854801e+00  -8.15101175205299e-01
   1.53785644051130e+00  -8.08438617777784e-01
   1.54539495247460e+00  -8.01492377293913e-01
   1.55293346443789e+00  -7.94264261007505e-01
   1.56047197640118e+00  -7.86756163052924e-01
   1.56801048836447e+00  -7.78970064445071e-01
   1.57554900032776e+00  -7.70908033079413e-01
   1.58308751229105e+00  -7.62572223731934e-01
   1.59062602425434e+00  -7.53964878059198e-01
   1.59816453621763e+00  -7.45088324598281e-01
   1.60570304818092e+00  -7.35944978766843e-01
   1.61324156014421e+00  -7.26537342863058e-01
   1.62078007210750e+00  -7.16868006065662e-01
   1.62831858407079e+00  -7.06939644433927e-01
   1.63585709603408e+00  -6.96755020907688e-01
   1.64339560799737e+00  -6.86316985307315e-01
   1.65093411996067e+00  -6.75628474333725e-01
   1.65847263192396e+00  -6.64692511568388e-01
   1.66601114388725e+00  -6.53512207473309e-01
   1.67354965585054e+00  -6.42090759391052e-01
   1.68108816781383e+00  -6.30431451544704e-01
   1.68862667977712e+00  -6.18537655037942e-01
   1.69616519174041e+00  -6.06412827854949e-01
   1.70370370370370e+00  -5.94060514860465e-01
   1.71124221566699e+00  -5.81484347799792e-01
   1.71878072763028e+00  -5.68688045298749e-01
   1.72631923959357e+00  -5.55675412863738e-01
   1.73385775155686e+00  -5.42450342881668e-01
   1.74139626352015e+00  -5.29016814620038e-01
   1.74893477548344e+00  -5.15378894226846e-01
   1.75647328744673e+00  -5.01540734730686e-01
   1.76401179941003e+00  -4.87506576040646e-01
   1.77155031137332e+00  -4.73280744946405e-01
   1.77908882333661e+00  -4.58867655118169e-01
   1.78662733529990e+00  -4.44271807106682e-01
   1.79416584726319e+00  -4.29497788343263e-01
   1.80170435922648e+00  -4.14550273139731e-01
   1.80924287118977e+00  -3.99434022688503e-01
   1.81678138315306e+00  -3.84153885062513e-01
   1.82431989511635e+00  -3.68714795215250e-01
   1.83185840707964e+00  -3.53121774980727e-01
   1.83939691904293e+00  -3.37379933073561e-01
   1.84693543100622e+00  -3.21494465088830e-01
   1.85447394296951e+00  -3.05470653502249e-01
   1.86201245493280e+00  -2.89313867670009e-01
   1.86955096689610e+00  -2.73029563828890e-01
   1.87708947885939e+00  -2.56623285096189e-01
   1.88462799082268e+00  -2.40100661469773e-01
   1.89216650278597e+00  -2.23467409828044e-01
   1.89970501474926e+00  -2.06729333929949e-01
   1.90724352671255e+00  -1.89892324415006e-01
   1.91478203867584e+00  -1.72962358803219e-01
   1.92232055063913e+00  -1.55945501495209e-01
   1.92985906260242e+00  -1.38847903772097e-01
   1.93739757456571e+00  -1.21675803795576e-01
   1.94493608652900e+00  -1.04435526607864e-01
   1.95247459849229e+00  -8.71334841317406e-02
   1.96001311045558e+00  -6.97761751705350e-02
   1.96755162241887e+00  -5.23701854081104e-02
   1.97509013438216e+00  -3.49221874088657e-02
   1.98262864634546e+00  -1.74389406177844e-02
   1.99016715830875e+00   7.27086396290488e-05
   1.99770567027204e+00   1.76058271573454e-02
   2.00524418223533e+00   3.51533948487148e-02
   2.01278269419862e+00   5.27083047466514e-02
   2.02032120616191e+00   7.02633630034133e-02
   2.02785971812520e+00   8.78112888907956e-02
   2.03539823008849e+00   1.05344714799989e-01
   2.04293674205178e+00   1.22856186241675e-01
   2.05047525401507e+00   1.40338161845941e-01
   2.05801376597836e+00   1.57783013362418e-01
   2.06555227794165e+00   1.75183025660099e-01
   2.07309078990494e+00   1.92530396727473e-01
   2.08062930186823e+00   2.09817237672487e-01
   2.08816781383153e+00   2.27035572722505e-01
   2.09570632579482e+00   2.44177339224394e-01
   2.10324483775811e+00   2.61234387644436e-01
   2.11078334972140e+00   2.78198481568377e-01
   2.11832186168469e+00   2.95061297701440e-01
   2.12586037364798e+00   3.11814425868264e-01
   2.13339888561127e+00   3.28449369012964e-01
   2.14093739757456e+00   3.44957543199129e-01
   2.14847590953785e+00   3.61330277609730e-01
   2.15601442150114e+00   3.77558814547276e-01
   2.16355293346443e+00   3.93634309433666e-01
   2.17109144542772e+00   4.09547830810304e-01
   2.17862995739101e+00   4.25290360338013e-01
   2.18616846935430e+00   4.40852792797068e-01
   2.19370698131760e+00   4.56225936087225e-01
   2.20124549328089e+00   4.71400511227671e-01
   2.20878400524418e+00   4.86367152357037e-01
   2.21632251720747e+00   5.01116406733453e-01
   2.22386102917076e+00   5.15638734734436e-01
   2.23139954113405e+00   5.29924509857018e-01
   2.23893805309734e+00   5.43964018717658e-01
   2.24647656506063e+00   5.57747461052274e-01
   2.25401507702392e+00   5.71264949716221e-01
   2.26155358898721e+00   5.84506510684344e-01
   2.26909210095050e+00   5.97462083050875e-01
   2.27663061291379e+00   6.10121519029572e-01
   2.28416912487708e+00   6.22474583953636e-01
   2.29170763684037e+00   6.34510956275669e-01
   2.29924614880367e+00   6.46220227567778e-01
   2.30678466076696e+00   6.57591902521473e-01
   2.31432317273025e+00   6.68615398947803e-01
   2.32186168469354e+00   6.79280047777207e-01
   2.32940019665683e+00   6.89575093059562e-01
