   2.10000000000000e+01   4.34959368488562e+02
   2.25000000000000e+01   4.37160455187917e+02
   2.40000000000000e+01   4.34442493361424e+02
   2.55000000000000e+01   4.29638801272643e+02
   2.70000000000000e+01   4.24477397872442e+02
   2.85000000000000e+01   4.02091195684726e+02
   3.00000000000000e+01   3.98595346717563e+02
   3.15000000000000e+01   4.00052901531116e+02
   3.30000000000000e+01   3.98500094484115e+02
   3.45000000000000e+01   3.96877065100189e+02
   3.60000000000000e+01   3.96356897884184e+02
   3.75000000000000e+01   3.95877702363269e+02
   3.90000000000000e+01   3.94650475685621e+02
   4.05000000000000e+01   3.93870172880992e+02
   4.20000000000000e+01   3.92903929229353e+02
   4.35000000000000e+01   3.93582713830212e+02
   4.50000000000000e+01   3.94168098095129e+02
   4.65000000000000e+01   3.92989649830849e+02
   4.80000000000000e+01   3.91931945435086e+02
   4.95000000000000e+01   3.93230733371717e+02
   5.10000000000000e+01   3.95244200254819e+02
   5.25000000000000e+01   3.95311252445124e+02
   5.40000000000000e+01   3.90300312827475e+02
   5.55000000000000e+01   3.89292839972657e+02
   5.70000000000000e+01   3.88253813631135e+02
   5.85000000000000e+01   3.87265412526990e+02
   6.00000000000000e+01   3.85248511747664e+02
   6.15000000000000e+01   3.84437552176407e+02
   6.30000000000000e+01   3.82755677059125e+02
   6.45000000000000e+01   3.81687673380644e+02
   6.60000000000000e+01   3.80521743871015e+02
   6.75000000000000e+01   3.78869533943840e+02
   6.90000000000000e+01   3.76476217262966e+02
   7.05000000000000e+01   3.74889755755876e+02
   7.20000000000000e+01   3.73432449411207e+02
   7.35000000000000e+01   3.71359670130561e+02
   7.50000000000000e+01   3.69361575867597e+02
   7.65000000000000e+01   3.68151766199132e+02
   7.80000000000000e+01   3.67325886284203e+02
   7.95000000000000e+01   3.66453209833740e+02
   8.10000000000000e+01   3.64909961651063e+02
   8.25000000000000e+01   3.63328676981601e+02
   8.40000000000000e+01   3.62042401739493e+02
   8.55000000000000e+01   3.60662278826274e+02
   8.70000000000000e+01   3.59308763963662e+02
   8.85000000000000e+01   3.58156620903698e+02
   9.00000000000000e+01   3.56635310037736e+02
   9.15000000000000e+01   3.55777196558036e+02
   9.30000000000000e+01   3.54207553505444e+02
   9.45000000000000e+01   3.52845980796664e+02
   9.60000000000000e+01   3.52326154589129e+02
   9.75000000000000e+01   3.51461566567004e+02
   9.90000000000000e+01   3.51094974108988e+02
   1.00500000000000e+02   3.49959593279851e+02
   1.02000000000000e+02   3.49422477292717e+02
   1.03500000000000e+02   3.48426803143167e+02
   1.05000000000000e+02   3.48523696873997e+02
   1.06500000000000e+02   3.48431889116861e+02
   1.08000000000000e+02   3.48041383550793e+02
   1.09500000000000e+02   3.47665067822584e+02
   1.11000000000000e+02   3.47504807836303e+02
   1.12500000000000e+02   3.47847166346756e+02
   1.14000000000000e+02   3.49141860314983e+02
   1.15500000000000e+02   3.49411489009640e+02
   1.17000000000000e+02   3.50179369922133e+02
   1.18500000000000e+02   3.50785368095317e+02
   1.20000000000000e+02   3.52122177592794e+02
   1.21500000000000e+02   3.53479510533509e+02
   1.23000000000000e+02   3.55700710842062e+02
   1.24500000000000e+02   3.58012585789857e+02
   1.26000000000000e+02   3.59610704127520e+02
   1.27500000000000e+02   3.61884593184359e+02
   1.29000000000000e+02   3.64342369757532e+02
   1.30500000000000e+02   3.66950412639315e+02
   1.32000000000000e+02   3.69917176238382e+02
   1.33500000000000e+02   3.72282290696893e+02
   1.35000000000000e+02   3.75967678326156e+02
   1.36500000000000e+02   3.78644036501874e+02
   1.38000000000000e+02   3.81542458170585e+02
   1.39500000000000e+02   3.83689542185349e+02
   1.41000000000000e+02   3.86967293874934e+02
   1.42500000000000e+02   3.89105469417589e+02
   1.44000000000000e+02   3.91716533795114e+02
   1.45500000000000e+02   3.93886983018578e+02
   1.47000000000000e+02   3.76003056422660e+02
   1.48500000000000e+02   3.98497890263902e+02
   1.50000000000000e+02   4.00248677057308e+02
   1.51500000000000e+02   4.01594750432714e+02
   1.53000000000000e+02   4.03075908271331e+02
   1.54500000000000e+02   4.03319130002613e+02
  4.66287450304147e-310   0.00000000000000e+00
  6.92668990168007e-310   0.00000000000000e+00
   0.00000000000000e+00   0.00000000000000e+00
   0.00000000000000e+00   0.00000000000000e+00
  2.37151510003798e-322   0.00000000000000e+00
  2.37151510003798e-322  6.66988621885683e-322
  4.66287450309048e-310  2.33419537011121e-313
  2.58415090689484e+161  1.47196977865483e-319
  5.38531553966959e-322  4.66287450304147e-310
   0.00000000000000e+00  6.92668990168007e-310
   0.00000000000000e+00   0.00000000000000e+00
  4.79243676466009e-322   0.00000000000000e+00
  4.66287450311420e-310   0.00000000000000e+00
  6.92668990168007e-310  4.79243676466009e-322
  1.67982319586024e-322  4.66287450323752e-310
   0.00000000000000e+00  6.92668990168007e-310
  2.37151510003798e-322  1.48219693752374e-322
  2.37151510003798e-322   0.00000000000000e+00
  4.66287450309997e-310  2.37151510003798e-322
  9.08789488781427e+227  2.37151510003798e-322
  4.82412338614522e+228  4.66287450322566e-310
  4.90922779487715e+252  3.73364189449253e+213
  9.48606040015193e-322  9.23609857862119e+242
  4.74303020007597e-322  6.21436115518828e-310
  4.66287450309523e-310  7.11454530011395e-322
   0.00000000000000e+00  4.74303020007597e-322
  1.53160350210786e-322  4.66287450322092e-310
   0.00000000000000e+00   0.00000000000000e+00
   0.00000000000000e+00  1.53160350210786e-322
   0.00000000000000e+00   0.00000000000000e+00
   0.00000000000000e+00   0.00000000000000e+00
   0.00000000000000e+00   0.00000000000000e+00
   0.00000000000000e+00   0.00000000000000e+00
  7.11454530011395e-322   0.00000000000000e+00
  2.33419537011121e-313   0.00000000000000e+00
  1.58343098835661e-319  5.53353523342196e-322
  4.66287450304147e-310  2.33419537011121e-313
  6.92668990168007e-310  1.46011220315464e-319
   0.00000000000000e+00  4.66287450304147e-310
   0.00000000000000e+00  6.92668990168007e-310
   0.00000000000000e+00   0.00000000000000e+00
  4.79243676466009e-322   0.00000000000000e+00
  4.66287450312606e-310   0.00000000000000e+00
  6.92668990168007e-310  4.79243676466009e-322
  1.48219693752374e-322  4.66287450324937e-310
   0.00000000000000e+00  6.92668990168007e-310
  2.37151510003798e-322  1.53160350210786e-322
  2.37151510003798e-322   0.00000000000000e+00
  4.66287450311420e-310  2.37151510003798e-322
  2.55801500189641e+242  2.37151510003798e-322
  3.80985847000846e+180  4.66287450323752e-310
  3.70404769586091e-317   8.92130097314657e+20
  7.11454530011395e-322  5.75744347777616e+160
  4.74303020007597e-322  1.63732569999286e-306
  4.66287450310945e-310  7.11454530011395e-322
   0.00000000000000e+00  4.74303020007597e-322
  1.53160350210786e-322  4.66287450323277e-310
   0.00000000000000e+00   0.00000000000000e+00
   0.00000000000000e+00  1.53160350210786e-322
   0.00000000000000e+00   0.00000000000000e+00
   0.00000000000000e+00   0.00000000000000e+00
   0.00000000000000e+00   0.00000000000000e+00
   0.00000000000000e+00   0.00000000000000e+00
  5.28650241050134e-322   0.00000000000000e+00
  2.33419537011121e-313   0.00000000000000e+00
  1.57157341285642e-319  5.58294179800609e-322
  4.66287450304147e-310  2.33419537011121e-313
  6.92668990168007e-310  1.44825462765445e-319
   0.00000000000000e+00  4.66287450548018e-310
   0.00000000000000e+00  4.66287450304147e-310
   0.00000000000000e+00   0.00000000000000e+00
  4.79243676466009e-322   0.00000000000000e+00
  4.66287450313791e-310  2.37151510003798e-322
  6.92668990168007e-310  2.37151510003798e-322
  1.48219693752374e-322  4.66287450323989e-310
   0.00000000000000e+00  2.58415090709201e+161
  2.37151510003798e-322  5.38531553966959e-322
  2.37151510003798e-322   0.00000000000000e+00
  4.66287450312606e-310   0.00000000000000e+00
  3.54662638156749e+160  3.32506179651159e-321
  3.80985847000669e+180  4.66287450305570e-310
  3.70404769586091e-317  6.92668990168007e-310
  7.11454530011395e-322  1.63041663127611e-322
  4.74303020007597e-322   0.00000000000000e+00
  4.66287450312131e-310  2.37151510003798e-322
   0.00000000000000e+00  2.37151510003798e-322
  1.53160350210786e-322  4.66287450324937e-310
   0.00000000000000e+00   8.92130097314657e+20
   0.00000000000000e+00  9.82395831072201e+252
   0.00000000000000e+00  5.28964690943645e+180
   0.00000000000000e+00  5.63234836259021e-322
   0.00000000000000e+00  2.85075877650399e-321
   0.00000000000000e+00  4.66287450329206e-310
  7.26276499386632e-322  4.66287450305570e-310
  2.33419537011121e-313  4.94065645841247e-324
  1.55971583735623e-319   0.00000000000000e+00
  4.66287450304147e-310  8.48798316435515e-314
  6.92668990168007e-310   0.00000000000000e+00
   0.00000000000000e+00   0.00000000000000e+00
   0.00000000000000e+00   0.00000000000000e+00
  2.37151510003798e-322   0.00000000000000e+00
  2.37151510003798e-322   0.00000000000000e+00
  4.66287450312843e-310   0.00000000000000e+00
  9.82395831415360e+252   0.00000000000000e+00
  5.94189522490534e-310   0.00000000000000e+00
   0.00000000000000e+00   0.00000000000000e+00
   0.00000000000000e+00   0.00000000000000e+00
  4.79243676466009e-322   0.00000000000000e+00
  4.66287450315214e-310   0.00000000000000e+00
  6.92668990168007e-310   0.00000000000000e+00
  1.87744945419674e-322   0.00000000000000e+00
   0.00000000000000e+00   0.00000000000000e+00
  2.37151510003798e-322   0.00000000000000e+00
  2.37151510003798e-322   0.00000000000000e+00
  4.66287450313791e-310   0.00000000000000e+00
  6.54237091858421e+179   0.00000000000000e+00
   4.30194790714883e+74   0.00000000000000e+00
  9.23614792484988e+242   0.00000000000000e+00
  9.48606040015193e-322   0.00000000000000e+00
  4.74303020007597e-322   0.00000000000000e+00
  4.66287450313317e-310   0.00000000000000e+00
   0.00000000000000e+00  1.42784971648120e-321
  1.53160350210786e-322  4.66287450286203e-310
   0.00000000000000e+00  4.66287450375530e-310
   0.00000000000000e+00  1.58101006669199e-322
   0.00000000000000e+00  1.26480805335359e-321
   0.00000000000000e+00  6.92669632603661e-310
   0.00000000000000e+00   0.00000000000000e+00
   0.00000000000000e+00  4.94065645841247e-324
  5.33590897508546e-322   0.00000000000000e+00
  2.33419537011121e-313  1.69759663311806e-313
  1.54548674675600e-319   0.00000000000000e+00
  4.66287450304147e-310   0.00000000000000e+00
  6.92668990168007e-310   0.00000000000000e+00
   0.00000000000000e+00   0.00000000000000e+00
   0.00000000000000e+00   0.00000000000000e+00
   0.00000000000000e+00   0.00000000000000e+00
  4.79243676466009e-322   0.00000000000000e+00
  4.66287450316400e-310   0.00000000000000e+00
  6.92668990168007e-310   0.00000000000000e+00
  1.48219693752374e-322   0.00000000000000e+00
   0.00000000000000e+00   0.00000000000000e+00
  2.37151510003798e-322   0.00000000000000e+00
  2.37151510003798e-322   0.00000000000000e+00
  4.66287450315214e-310   0.00000000000000e+00
  2.69137529055401e+242   0.00000000000000e+00
  9.23614792472373e+242   0.00000000000000e+00
  6.21436115518828e-310   0.00000000000000e+00
  7.11454530011395e-322   0.00000000000000e+00
  4.74303020007597e-322   0.00000000000000e+00
  4.66287450314740e-310   0.00000000000000e+00
   0.00000000000000e+00   0.00000000000000e+00
  1.53160350210786e-322   0.00000000000000e+00
   0.00000000000000e+00   0.00000000000000e+00
   0.00000000000000e+00   0.00000000000000e+00
   0.00000000000000e+00  4.66287450364621e-310
   0.00000000000000e+00  2.60866661004178e-321
   0.00000000000000e+00  2.37151510003798e-322
   0.00000000000000e+00  4.66287450305570e-310
  5.38531553966959e-322  1.44605770635722e+199
  2.33419537011121e-313   3.60361971261895e+79
  1.53362917125581e-319  1.14448053545219e+243
  4.66287450304147e-310  3.79442416006077e-321
  6.92668990168007e-310  4.74303020007597e-322
   0.00000000000000e+00  4.66287450305096e-310
   0.00000000000000e+00   0.00000000000000e+00
  2.37151510003798e-322  1.53160350210786e-322
  2.37151510003798e-322   0.00000000000000e+00
  4.66287450315451e-310   0.00000000000000e+00
  7.69843824364048e+218   0.00000000000000e+00
   0.00000000000000e+00   0.00000000000000e+00
   0.00000000000000e+00   0.00000000000000e+00
   0.00000000000000e+00   0.00000000000000e+00
  4.79243676466009e-322  5.68175492717434e-322
  4.66287450317823e-310  2.33419537011121e-313
  6.92668990168007e-310  1.40556735585376e-319
  1.58101006669199e-322  4.66287450548018e-310
   0.00000000000000e+00  6.92668990168007e-310
  2.37151510003798e-322   0.00000000000000e+00
  2.37151510003798e-322   0.00000000000000e+00
  4.66287450316400e-310  2.37151510003798e-322
  7.57554797228325e+256  2.37151510003798e-322
   1.61688453138220e+79  4.66287450306044e-310
  1.14448053545219e+243  7.69843824364048e+218
  9.48606040015193e-322   0.00000000000000e+00
  4.74303020007597e-322   0.00000000000000e+00
  4.66287450315926e-310   0.00000000000000e+00
   0.00000000000000e+00  4.79243676466009e-322
  1.53160350210786e-322  4.66287450330629e-310
   0.00000000000000e+00  6.92668990168007e-310
   0.00000000000000e+00  1.58101006669199e-322
   0.00000000000000e+00   0.00000000000000e+00
   0.00000000000000e+00  2.37151510003798e-322
   0.00000000000000e+00  2.37151510003798e-322
   0.00000000000000e+00  4.66287450329206e-310
  5.43472210425371e-322  2.77781868776075e+218
  2.33419537011121e-313   1.61688453095033e+79
  1.51940008065559e-319  1.14448053545219e+243
  4.66287450304147e-310  9.48606040015193e-322
  6.92668990168007e-310  4.74303020007597e-322
   0.00000000000000e+00  4.66287450328732e-310
   0.00000000000000e+00   0.00000000000000e+00
   0.00000000000000e+00  1.53160350210786e-322
  4.79243676466009e-322   0.00000000000000e+00
  4.66287450319009e-310   0.00000000000000e+00
  6.92668990168007e-310   0.00000000000000e+00
  1.48219693752374e-322   0.00000000000000e+00
   0.00000000000000e+00   0.00000000000000e+00
  2.37151510003798e-322   0.00000000000000e+00
  2.37151510003798e-322  5.73116149175846e-322
  4.66287450317823e-310  2.33419537011121e-313
  3.56531754564299e+213  1.39133826525353e-319
  9.23602576539995e+242  4.66287450548018e-310
  6.21436115518828e-310  6.92668990168007e-310
  7.11454530011395e-322   0.00000000000000e+00
  4.74303020007597e-322   0.00000000000000e+00
  4.66287450317349e-310  2.37151510003798e-322
   0.00000000000000e+00  2.37151510003798e-322
  1.53160350210786e-322  4.66287450329680e-310
   0.00000000000000e+00  2.30187703048802e+161
