   2.00000000000000e+01   4.12680545934312e+02
   2.05000000000000e+01   4.12375593963554e+02
   2.10000000000000e+01   4.12471494812686e+02
   2.15000000000000e+01   4.12070138157394e+02
   2.20000000000000e+01   4.11651775111093e+02
   2.25000000000000e+01   4.11597457182301e+02
   2.30000000000000e+01   4.11076633972977e+02
   2.35000000000000e+01   4.10540219184912e+02
   2.40000000000000e+01   4.10389216793375e+02
   2.45000000000000e+01   4.09651214334544e+02
   2.50000000000000e+01   4.08813414846216e+02
   2.55000000000000e+01   4.08424450479527e+02
   2.60000000000000e+01   4.07930318457247e+02
   2.65000000000000e+01   4.07067040217144e+02
   2.70000000000000e+01   4.06260403982070e+02
   2.75000000000000e+01   4.05592685975723e+02
   2.80000000000000e+01   4.15169212435029e+02
   2.85000000000000e+01   4.15354875367526e+02
   2.90000000000000e+01   4.15111441499472e+02
   2.95000000000000e+01   4.14267092805691e+02
   3.00000000000000e+01   4.13255448876859e+02
   3.05000000000000e+01   4.13007975884491e+02
   3.10000000000000e+01   4.09130418515914e+02
   3.15000000000000e+01   4.08612240097687e+02
   3.20000000000000e+01   4.07879345291912e+02
   3.25000000000000e+01   4.07682162432715e+02
   3.30000000000000e+01   4.06773959442711e+02
   3.35000000000000e+01   4.06113263881452e+02
   3.40000000000000e+01   4.05495285823349e+02
   3.45000000000000e+01   4.05518198647547e+02
   3.50000000000000e+01   4.04847765008248e+02
   3.55000000000000e+01   4.04530886434479e+02
   3.60000000000000e+01   4.04067177742691e+02
   3.65000000000000e+01   4.03594893409193e+02
   3.70000000000000e+01   4.03281975959946e+02
   3.75000000000000e+01   4.03017370239083e+02
   3.80000000000000e+01   4.02699968979909e+02
   3.85000000000000e+01   4.02950205881121e+02
   3.90000000000000e+01   4.02769096980989e+02
   3.95000000000000e+01   4.02543683173024e+02
   4.00000000000000e+01   4.02140813808636e+02
   4.05000000000000e+01   4.02596757794299e+02
   4.10000000000000e+01   4.02319435498910e+02
   4.15000000000000e+01   4.02245727861014e+02
   4.20000000000000e+01   4.02501303797207e+02
   4.25000000000000e+01   4.02130219294861e+02
   4.30000000000000e+01   4.01677704417325e+02
   4.35000000000000e+01   4.01053310238086e+02
   4.40000000000000e+01   4.00355270249735e+02
   4.45000000000000e+01   4.00013551866287e+02
   4.50000000000000e+01   3.99333191736665e+02
   4.55000000000000e+01   3.98681723761083e+02
   4.60000000000000e+01   3.98335540136881e+02
   4.65000000000000e+01   3.98155437161046e+02
   4.70000000000000e+01   3.97935551757123e+02
   4.75000000000000e+01   3.97641098317289e+02
   4.80000000000000e+01   3.97223214928022e+02
   4.85000000000000e+01   3.96741916579130e+02
   4.90000000000000e+01   3.96479105732345e+02
   4.95000000000000e+01   3.95893589208756e+02
   5.00000000000000e+01   3.95896222472820e+02
   5.05000000000000e+01   3.95454123703583e+02
   5.10000000000000e+01   3.95093159975332e+02
   5.15000000000000e+01   3.95080927792343e+02
   5.20000000000000e+01   3.95343975280405e+02
   5.25000000000000e+01   3.95704625492125e+02
   5.30000000000000e+01   3.99200534406743e+02
   5.35000000000000e+01   3.99021692377019e+02
   5.40000000000000e+01   3.98720224148219e+02
   5.45000000000000e+01   3.98339646309300e+02
   5.50000000000000e+01   3.98274620601715e+02
   5.55000000000000e+01   3.97959443565878e+02
   5.60000000000000e+01   3.97605336463882e+02
   5.65000000000000e+01   3.97336536598318e+02
   5.70000000000000e+01   3.97095155423659e+02
   5.75000000000000e+01   3.96888452120010e+02
   5.80000000000000e+01   3.96561832535703e+02
   5.85000000000000e+01   3.96478934791529e+02
   5.90000000000000e+01   3.95879291350594e+02
   5.95000000000000e+01   3.95354972192471e+02
   6.00000000000000e+01   3.95235600239492e+02
   6.05000000000000e+01   3.95044708976862e+02
   6.10000000000000e+01   3.94990905200033e+02
   6.15000000000000e+01   3.94813835236174e+02
   6.20000000000000e+01   3.94934661586918e+02
   6.25000000000000e+01   3.94304031507283e+02
   6.30000000000000e+01   3.94129962584087e+02
   6.35000000000000e+01   3.94364564251955e+02
   6.40000000000000e+01   3.94207609365199e+02
   6.45000000000000e+01   3.94309076257759e+02
   6.50000000000000e+01   3.94458736720749e+02
   6.55000000000000e+01   3.94464542455831e+02
   6.60000000000000e+01   3.94499885740025e+02
   6.65000000000000e+01   3.94778179944340e+02
   6.70000000000000e+01   3.94878363156520e+02
   6.75000000000000e+01   3.94525098021199e+02
   6.80000000000000e+01   3.94509399989369e+02
   6.85000000000000e+01   3.94065009223871e+02
   6.90000000000000e+01   3.94204538888294e+02
   6.95000000000000e+01   3.94452187289682e+02
   7.00000000000000e+01   3.94556225847026e+02
   7.05000000000000e+01   3.94910607402855e+02
   7.10000000000000e+01   3.95253390355179e+02
   7.15000000000000e+01   3.95634915206740e+02
   7.20000000000000e+01   3.95988878901956e+02
   7.25000000000000e+01   3.96498389094993e+02
   7.30000000000000e+01   3.96319161545922e+02
   7.35000000000000e+01   3.96823975792014e+02
   7.40000000000000e+01   3.97289352659999e+02
   7.45000000000000e+01   3.97239644224545e+02
   7.50000000000000e+01   3.97957304186430e+02
   7.55000000000000e+01   3.98860619389136e+02
   7.60000000000000e+01   3.99227037140685e+02
   7.65000000000000e+01   4.00126905786846e+02
   7.70000000000000e+01   4.00989674313630e+02
   7.75000000000000e+01   4.01832694324559e+02
   7.80000000000000e+01   4.02847065322151e+02
   7.85000000000000e+01   4.03833230067961e+02
   7.90000000000000e+01   4.04801402081621e+02
   7.95000000000000e+01   4.05853606969349e+02
   8.00000000000000e+01   4.06285023639070e+02
   8.05000000000000e+01   4.07119654042555e+02
   8.10000000000000e+01   4.08027246132102e+02
   8.15000000000000e+01   4.09076323007794e+02
   8.20000000000000e+01   4.09907979813955e+02
   8.25000000000000e+01   4.10132156161378e+02
   8.30000000000000e+01   4.11193193136500e+02
   8.35000000000000e+01   4.11427775895288e+02
   8.40000000000000e+01   4.12443982836587e+02
   8.45000000000000e+01   4.13350723342370e+02
   8.50000000000000e+01   4.13747495594389e+02
   8.55000000000000e+01   4.14634417613437e+02
   8.60000000000000e+01   4.15673099075929e+02
   8.65000000000000e+01   4.16083211863750e+02
   8.70000000000000e+01   4.16980549057698e+02
   8.75000000000000e+01   4.17497700320742e+02
   8.80000000000000e+01   4.18234356735139e+02
   8.85000000000000e+01   4.19182837742574e+02
   8.90000000000000e+01   4.20134014640608e+02
   8.95000000000000e+01   4.21006746391184e+02
   9.00000000000000e+01   4.21378771523196e+02
   9.05000000000000e+01   4.22078076390378e+02
   9.10000000000000e+01   4.22892682031061e+02
   9.15000000000000e+01   4.23608229398784e+02
   9.20000000000000e+01   4.24197255049619e+02
   9.25000000000000e+01   4.24407733766328e+02
   9.30000000000000e+01   4.24915644564265e+02
   9.35000000000000e+01   4.25435456359223e+02
   9.40000000000000e+01   4.25355382669125e+02
   9.45000000000000e+01   4.25839069460407e+02
   9.50000000000000e+01   4.25968024557481e+02
   9.55000000000000e+01   4.25901258461798e+02
   9.60000000000000e+01   4.26048401434942e+02
   9.65000000000000e+01   4.26024839320671e+02
   9.70000000000000e+01   4.25959431456020e+02
   9.75000000000000e+01   4.25622488540661e+02
   9.80000000000000e+01   4.25475014703198e+02
   9.85000000000000e+01   4.25244191714279e+02
   9.90000000000000e+01   4.24969361092862e+02
   9.95000000000000e+01   4.24670261033103e+02
   1.00000000000000e+02   4.24320828861130e+02
   1.00500000000000e+02   4.23940077158855e+02
   1.01000000000000e+02   4.23685587311944e+02
   1.01500000000000e+02   4.23285852514177e+02
   1.02000000000000e+02   4.23324933781025e+02
   1.02500000000000e+02   4.23221402108239e+02
   1.03000000000000e+02   4.23317298642255e+02
   1.03500000000000e+02   4.22993028420058e+02
   1.04000000000000e+02   4.22854613583016e+02
   1.04500000000000e+02   4.22655838180181e+02
   1.05000000000000e+02   4.22528504640456e+02
   1.05500000000000e+02   4.22143341792457e+02
   1.06000000000000e+02   4.22122985962978e+02
   1.06500000000000e+02   4.21957114288928e+02
   1.07000000000000e+02   4.22446339997764e+02
   1.07500000000000e+02   4.22328973004422e+02
   1.08000000000000e+02   4.22314023772509e+02
   1.08500000000000e+02   4.22303946181437e+02
   1.09000000000000e+02   4.22827297709581e+02
   1.09500000000000e+02   4.22903714020114e+02
   1.10000000000000e+02   4.22844329892140e+02
   1.10500000000000e+02   4.23319922222068e+02
   1.11000000000000e+02   4.23634541641004e+02
   1.11500000000000e+02   4.23535067650904e+02
   1.12000000000000e+02   4.23785148432697e+02
   1.12500000000000e+02   4.23891492125429e+02
   1.13000000000000e+02   4.24180193291850e+02
   1.13500000000000e+02   4.24514473072463e+02
   1.14000000000000e+02   4.24783113339632e+02
   1.14500000000000e+02   4.25627346328809e+02
   1.15000000000000e+02   4.25668992218029e+02
   1.15500000000000e+02   4.25884437800413e+02
   1.16000000000000e+02   4.26114719359859e+02
   1.16500000000000e+02   4.26599592324256e+02
   1.17000000000000e+02   4.26974650445796e+02
   1.17500000000000e+02   4.27478407249514e+02
   1.18000000000000e+02   4.27763545611047e+02
   1.18500000000000e+02   4.28310901874038e+02
   1.19000000000000e+02   4.28526389116321e+02
   1.19500000000000e+02   4.29055172936908e+02
   1.20000000000000e+02   4.29062449438777e+02
   1.20500000000000e+02   4.29390309356517e+02
   1.21000000000000e+02   4.29526406103196e+02
   1.21500000000000e+02   4.29392224936504e+02
   1.22000000000000e+02   4.29483043424044e+02
   1.22500000000000e+02   4.29407261859513e+02
   1.23000000000000e+02   4.29287632747138e+02
   1.23500000000000e+02   4.28995617457937e+02
   1.24000000000000e+02   4.28887319618755e+02
   1.24500000000000e+02   4.28480055276638e+02
   1.25000000000000e+02   4.27940276762186e+02
   1.25500000000000e+02   4.27359249695406e+02
   1.26000000000000e+02   4.26784487392365e+02
   1.26500000000000e+02   4.26287635272126e+02
   1.27000000000000e+02   4.25629762405257e+02
   1.27500000000000e+02   4.24862474587824e+02
   1.28000000000000e+02   4.24198692440941e+02
   1.28500000000000e+02   4.23177709479547e+02
   1.29000000000000e+02   4.22396840026321e+02
   1.29500000000000e+02   4.21510125297662e+02
   1.30000000000000e+02   4.20412610774513e+02
   1.30500000000000e+02   4.19667476449612e+02
   1.31000000000000e+02   4.18373970897563e+02
   1.31500000000000e+02   4.17730096976440e+02
   1.32000000000000e+02   4.16620358469342e+02
   1.32500000000000e+02   4.15635164357508e+02
   1.33000000000000e+02   4.14532833507727e+02
   1.33500000000000e+02   4.13313324479765e+02
   1.34000000000000e+02   4.13050312961087e+02
   1.34500000000000e+02   4.11879552889613e+02
   1.35000000000000e+02   4.10868790700568e+02
   1.35500000000000e+02   4.09801093561189e+02
   1.36000000000000e+02   6.86654566435062e+01
   1.36500000000000e+02   4.07745655098085e+02
   1.37000000000000e+02   4.07393733211489e+02
   1.37500000000000e+02   4.05950582763237e+02
   1.38000000000000e+02   4.04681216268806e+02
   1.38500000000000e+02   4.04255127294354e+02
   1.39000000000000e+02   4.01815406606499e+02
   1.39500000000000e+02   4.00640968686963e+02
   1.40000000000000e+02   3.99177496847783e+02
   1.40500000000000e+02   3.98077413069269e+02
   1.41000000000000e+02   3.97834082481477e+02
   1.41500000000000e+02   3.96783790786342e+02
   1.42000000000000e+02   3.95220558398029e+02
   1.42500000000000e+02   3.93971495142482e+02
   1.43000000000000e+02   3.92537552606236e+02
   1.43500000000000e+02   3.91591912955124e+02
   1.44000000000000e+02   3.90510902423190e+02
   1.44500000000000e+02   3.89133191879895e+02
   1.45000000000000e+02   3.88111713625178e+02
   1.45500000000000e+02   3.87022675693955e+02
   1.46000000000000e+02   3.85732440333276e+02
   1.46500000000000e+02   3.74780643893929e+02
   1.47000000000000e+02   3.73527560099788e+02
   1.47500000000000e+02   3.82502442448901e+02
   1.48000000000000e+02   3.81140650752328e+02
   1.48500000000000e+02   3.80219641363022e+02
   1.49000000000000e+02   3.79062730977420e+02
   1.49500000000000e+02   3.78086601825191e+02
   1.50000000000000e+02   3.76937208698194e+02
   1.50500000000000e+02   3.75844128255739e+02
   1.51000000000000e+02   3.74397286496289e+02
   1.51500000000000e+02   3.72970504466573e+02
   1.52000000000000e+02   3.71647185312543e+02
   1.52500000000000e+02   3.70322619368184e+02
   1.53000000000000e+02   3.68977401229482e+02
   1.53500000000000e+02   3.67613018856264e+02
   1.54000000000000e+02   3.66244534321009e+02
   1.54500000000000e+02   3.64600826804238e+02
  4.66287450192133e-310   0.00000000000000e+00
  3.89652551720686e+233   0.00000000000000e+00
  9.15402482790975e-315   0.00000000000000e+00
   0.00000000000000e+00   0.00000000000000e+00
   0.00000000000000e+00   0.00000000000000e+00
  4.79243676466009e-322  2.47032822920623e-323
  4.66287450191184e-310  6.36598737338988e-314
  6.92668990168007e-310  4.66892035319978e-321
  1.77863632502849e-322  4.66287450211500e-310
   0.00000000000000e+00  6.92668990168007e-310
  2.37151510003798e-322  1.48219693752374e-322
  2.37151510003798e-322   0.00000000000000e+00
  4.66287450192844e-310  2.37151510003798e-322
  3.63460076805737e+185  2.37151510003798e-322
  1.14448784859346e+243  4.66287450204702e-310
  9.74738333125553e+232  1.17573844143195e+214
  9.48606040015193e-322  1.28323670194347e-319
  2.37151510003798e-322   0.00000000000000e+00
  4.66287450194030e-310  4.74303020007597e-322
  4.66287450194109e-310  3.95252516672997e-322
   0.00000000000000e+00  4.66287450166520e-310
   0.00000000000000e+00  4.66287450202093e-310
  1.18575755001899e-321  4.66287450203358e-310
  2.37151510003798e-322  4.66287450204306e-310
  4.66287450190947e-310  4.66287450205255e-310
   0.00000000000000e+00  4.66287450206599e-310
  1.48219693752374e-323  4.66287450207073e-310
  1.49166814624037e-154  4.66287450207785e-310
  4.66287450161066e-310  8.69555536680594e-322
  3.00885978317319e-321  4.74303020007597e-322
  4.66287450198694e-310  4.66287450205176e-310
  4.66287450191184e-310   0.00000000000000e+00
  4.66287450153635e-310  7.41098468761870e-323
  4.66287450555844e-310   0.00000000000000e+00
  4.66287450568334e-310   0.00000000000000e+00
  4.66287450973072e-310   0.00000000000000e+00
  4.66287450976630e-310   0.00000000000000e+00
  4.66287450981689e-310   0.00000000000000e+00
  4.66287450986195e-310   0.00000000000000e+00
  4.66287450991887e-310  2.96439387504748e-323
