   2.00000000000000e+01   1.82129693771255e-01
   2.05000000000000e+01   1.84162706909641e-01
   2.10000000000000e+01   1.83523367915426e-01
   2.15000000000000e+01   1.86199078950708e-01
   2.20000000000000e+01   1.88988165926046e-01
   2.25000000000000e+01   1.89350285451330e-01
   2.30000000000000e+01   1.92822440180155e-01
   2.35000000000000e+01   1.96398538767253e-01
   2.40000000000000e+01   1.97405221377500e-01
   2.45000000000000e+01   2.02325237769706e-01
   2.50000000000000e+01   2.07910567691891e-01
   2.55000000000000e+01   2.10503663469823e-01
   2.60000000000000e+01   2.13797876951684e-01
   2.65000000000000e+01   2.19553065219043e-01
   2.70000000000000e+01   2.24930640119532e-01
   2.75000000000000e+01   2.29382093495178e-01
   2.80000000000000e+01   1.65538583766470e-01
   2.85000000000000e+01   1.64300830883158e-01
   2.90000000000000e+01   1.65923723336852e-01
   2.95000000000000e+01   1.71552714628726e-01
   3.00000000000000e+01   1.78297007487605e-01
   3.05000000000000e+01   1.79946827436724e-01
   3.10000000000000e+01   2.05797209893906e-01
   3.15000000000000e+01   2.09251732682084e-01
   3.20000000000000e+01   2.14137698053923e-01
   3.25000000000000e+01   2.15452250448565e-01
   3.30000000000000e+01   2.21506937048590e-01
   3.35000000000000e+01   2.25911574123654e-01
   3.40000000000000e+01   2.30031427844341e-01
   3.45000000000000e+01   2.29878675683017e-01
   3.50000000000000e+01   2.34348233278344e-01
   3.55000000000000e+01   2.36460757103474e-01
   3.60000000000000e+01   2.39552148382059e-01
   3.65000000000000e+01   2.42700710605379e-01
   3.70000000000000e+01   2.44786826933691e-01
   3.75000000000000e+01   2.46550865072777e-01
   3.80000000000000e+01   2.48666873467273e-01
   3.85000000000000e+01   2.46998627459192e-01
   3.90000000000000e+01   2.48206020126740e-01
   3.95000000000000e+01   2.49708778846503e-01
   4.00000000000000e+01   2.52394574609095e-01
   4.05000000000000e+01   2.49354948038009e-01
   4.10000000000000e+01   2.51203763340599e-01
   4.15000000000000e+01   2.51695147593243e-01
   4.20000000000000e+01   2.49991308018619e-01
   4.25000000000000e+01   2.52465204700927e-01
   4.30000000000000e+01   2.55481970551165e-01
   4.35000000000000e+01   2.59644598412760e-01
   4.40000000000000e+01   2.64298198335102e-01
   4.45000000000000e+01   2.66576320891423e-01
   4.50000000000000e+01   2.71112055088899e-01
   4.55000000000000e+01   2.75455174926114e-01
   4.60000000000000e+01   2.77763065754128e-01
   4.65000000000000e+01   2.78963752259691e-01
   4.70000000000000e+01   2.80429654952511e-01
   4.75000000000000e+01   2.82392677884739e-01
   4.80000000000000e+01   2.85178567146518e-01
   4.85000000000000e+01   2.88387222805800e-01
   4.90000000000000e+01   2.90139295117697e-01
   4.95000000000000e+01   2.94042738608291e-01
   5.00000000000000e+01   2.94025183514531e-01
   5.05000000000000e+01   2.96972508642781e-01
   5.10000000000000e+01   2.99378933497789e-01
   5.15000000000000e+01   2.99460481384380e-01
   5.20000000000000e+01   2.97706831463970e-01
   5.25000000000000e+01   2.95302496719164e-01
   5.30000000000000e+01   2.71996437288378e-01
   5.35000000000000e+01   2.73188717486539e-01
   5.40000000000000e+01   2.75198505678543e-01
   5.45000000000000e+01   2.77735691271333e-01
   5.50000000000000e+01   2.78169195988564e-01
   5.55000000000000e+01   2.80270376227481e-01
   5.60000000000000e+01   2.82631090240787e-01
   5.65000000000000e+01   2.84423089344547e-01
   5.70000000000000e+01   2.86032297175605e-01
   5.75000000000000e+01   2.87410319199931e-01
   5.80000000000000e+01   2.89587783095315e-01
   5.85000000000000e+01   2.90140434723139e-01
   5.90000000000000e+01   2.94138057662704e-01
   5.95000000000000e+01   2.97633518716862e-01
   6.00000000000000e+01   2.98429331736723e-01
   6.05000000000000e+01   2.99701940154256e-01
   6.10000000000000e+01   3.00060631999781e-01
   6.15000000000000e+01   3.01241098425505e-01
   6.20000000000000e+01   3.00435589420545e-01
   6.25000000000000e+01   3.04639789951447e-01
   6.30000000000000e+01   3.05800249439420e-01
   6.35000000000000e+01   3.04236238320300e-01
   6.40000000000000e+01   3.05282604232007e-01
   6.45000000000000e+01   3.04606158281604e-01
   6.50000000000000e+01   3.03608421861676e-01
   6.55000000000000e+01   3.03569716961124e-01
   6.60000000000000e+01   3.03334095066501e-01
   6.65000000000000e+01   3.01478800371066e-01
   6.70000000000000e+01   3.00810912289866e-01
   6.75000000000000e+01   3.03166013192008e-01
   6.80000000000000e+01   3.03270666737537e-01
   6.85000000000000e+01   3.06233271840861e-01
   6.90000000000000e+01   3.05303074078041e-01
   6.95000000000000e+01   3.03652084735453e-01
   7.00000000000000e+01   3.02958494353161e-01
   7.05000000000000e+01   3.00595950647636e-01
   7.10000000000000e+01   2.98310730965471e-01
   7.15000000000000e+01   2.95767231955064e-01
   7.20000000000000e+01   2.93407473986960e-01
   7.25000000000000e+01   2.90010739366716e-01
   7.30000000000000e+01   2.91205589693851e-01
   7.35000000000000e+01   2.87840161386575e-01
   7.40000000000000e+01   2.84737648933338e-01
   7.45000000000000e+01   2.85069038503036e-01
   7.50000000000000e+01   2.80284638757132e-01
   7.55000000000000e+01   2.74262537405758e-01
   7.60000000000000e+01   2.71819752395430e-01
   7.65000000000000e+01   2.65820628087690e-01
   7.70000000000000e+01   2.60068837909132e-01
   7.75000000000000e+01   2.54448704502942e-01
   7.80000000000000e+01   2.47686231185663e-01
   7.85000000000000e+01   2.41111799546929e-01
   7.90000000000000e+01   2.34657319455860e-01
   7.95000000000000e+01   2.27642620204340e-01
   8.00000000000000e+01   2.24766509072866e-01
   8.05000000000000e+01   2.19202306382967e-01
   8.10000000000000e+01   2.13151692452651e-01
   8.15000000000000e+01   2.06157846614707e-01
   8.20000000000000e+01   2.00613467906968e-01
   8.25000000000000e+01   1.99118958924147e-01
   8.30000000000000e+01   1.92045379090002e-01
   8.35000000000000e+01   1.90481494031413e-01
   8.40000000000000e+01   1.83706781089420e-01
   8.45000000000000e+01   1.77661844384199e-01
   8.50000000000000e+01   1.75016696037410e-01
   8.55000000000000e+01   1.69103882577085e-01
   8.60000000000000e+01   1.62179339493808e-01
   8.65000000000000e+01   1.59445254241665e-01
   8.70000000000000e+01   1.53463006282012e-01
   8.75000000000000e+01   1.50015331195054e-01
   8.80000000000000e+01   1.45104288432405e-01
   8.85000000000000e+01   1.38781081716172e-01
   8.90000000000000e+01   1.32439902395947e-01
   8.95000000000000e+01   1.26621690725437e-01
   9.00000000000000e+01   1.24141523178691e-01
   9.05000000000000e+01   1.19479490730812e-01
   9.10000000000000e+01   1.14048786459593e-01
   9.15000000000000e+01   1.09278470674776e-01
   9.20000000000000e+01   1.05351633002541e-01
   9.25000000000000e+01   1.03948441557813e-01
   9.30000000000000e+01   1.00562369571566e-01
   9.35000000000000e+01   9.70969576051775e-02
   9.40000000000000e+01   9.76307822058344e-02
   9.45000000000000e+01   9.44062035972882e-02
   9.50000000000000e+01   9.35465029501236e-02
   9.55000000000000e+01   9.39916102546816e-02
   9.60000000000000e+01   9.30106571003894e-02
   9.65000000000000e+01   9.31677378621913e-02
   9.70000000000000e+01   9.36037902932028e-02
   9.75000000000000e+01   9.58500763955920e-02
   9.80000000000000e+01   9.68332353120153e-02
   9.85000000000000e+01   9.83720552381376e-02
   9.90000000000000e+01   1.00204259380918e-01
   9.95000000000000e+01   1.02198259779310e-01
   1.00000000000000e+02   1.04527807592466e-01
   1.00500000000000e+02   1.07066152274300e-01
   1.01000000000000e+02   1.08762751253705e-01
   1.01500000000000e+02   1.11427649905488e-01
   1.02000000000000e+02   1.11167108126502e-01
   1.02500000000000e+02   1.11857319278410e-01
   1.03000000000000e+02   1.11218009051635e-01
   1.03500000000000e+02   1.13379810532950e-01
   1.04000000000000e+02   1.14302576113228e-01
   1.04500000000000e+02   1.15627745465462e-01
   1.05000000000000e+02   1.16476635730296e-01
   1.05500000000000e+02   1.19044388050286e-01
   1.06000000000000e+02   1.19180093580148e-01
   1.06500000000000e+02   1.20285904740478e-01
   1.07000000000000e+02   1.17024400014905e-01
   1.07500000000000e+02   1.17806846637186e-01
   1.08000000000000e+02   1.17906508183271e-01
   1.08500000000000e+02   1.17973692123751e-01
   1.09000000000000e+02   1.14484681936125e-01
   1.09500000000000e+02   1.13975239865910e-01
   1.10000000000000e+02   1.14371134052403e-01
   1.10500000000000e+02   1.11200518519545e-01
   1.11000000000000e+02   1.09103055726637e-01
   1.11500000000000e+02   1.09766215660642e-01
   1.12000000000000e+02   1.08099010448688e-01
   1.12500000000000e+02   1.07390052497141e-01
   1.13000000000000e+02   1.05465378054332e-01
   1.13500000000000e+02   1.03236846183577e-01
   1.14000000000000e+02   1.01445911069117e-01
   1.14500000000000e+02   9.58176911412714e-02
   1.15000000000000e+02   9.55400518798058e-02
   1.15500000000000e+02   9.41037479972499e-02
   1.16000000000000e+02   9.25685376009375e-02
   1.16500000000000e+02   8.93360511716293e-02
   1.17000000000000e+02   8.68356636946904e-02
   1.17500000000000e+02   8.34772850032381e-02
   1.18000000000000e+02   8.15763625930189e-02
   1.18500000000000e+02   7.79273208397490e-02
   1.19000000000000e+02   7.64907392245267e-02
   1.19500000000000e+02   7.29655137539499e-02
   1.20000000000000e+02   7.29170037414856e-02
   1.20500000000000e+02   7.07312709565512e-02
   1.21000000000000e+02   6.98239593120266e-02
   1.21500000000000e+02   7.07185004233045e-02
   1.22000000000000e+02   7.01130438397043e-02
   1.22500000000000e+02   7.06182542699141e-02
   1.23000000000000e+02   7.14157816857443e-02
   1.23500000000000e+02   7.33625502804176e-02
   1.24000000000000e+02   7.40845358749689e-02
   1.24500000000000e+02   7.67996314890818e-02
   1.25000000000000e+02   8.03981549187605e-02
   1.25500000000000e+02   8.42716686972926e-02
   1.26000000000000e+02   8.81034173842335e-02
   1.26500000000000e+02   9.14157648524939e-02
   1.27000000000000e+02   9.58015839649520e-02
   1.27500000000000e+02   1.00916836081174e-01
   1.28000000000000e+02   1.05342050393730e-01
   1.28500000000000e+02   1.12148603469690e-01
   1.29000000000000e+02   1.17354399824525e-01
   1.29500000000000e+02   1.23265831348921e-01
   1.30000000000000e+02   1.30582594836577e-01
   1.30500000000000e+02   1.35550157002587e-01
   1.31000000000000e+02   1.44173527349579e-01
   1.31500000000000e+02   1.48466020157067e-01
   1.32000000000000e+02   1.55864276871051e-01
   1.32500000000000e+02   1.62432237616613e-01
   1.33000000000000e+02   1.69781109948487e-01
   1.33500000000000e+02   1.77911170134902e-01
   1.34000000000000e+02   1.79664580259423e-01
   1.34500000000000e+02   1.87469647402581e-01
   1.35000000000000e+02   1.94208061996213e-01
   1.35500000000000e+02   2.01326042925407e-01
   1.36000000000000e+02   2.47556362237663e+00
   1.36500000000000e+02   2.15028966012770e-01
   1.37000000000000e+02   2.17375111923410e-01
   1.37500000000000e+02   2.26996114911755e-01
   1.38000000000000e+02   2.35458558207961e-01
   1.38500000000000e+02   2.38299151370974e-01
   1.39000000000000e+02   2.54563955956674e-01
   1.39500000000000e+02   2.62393542086914e-01
   1.40000000000000e+02   2.72150021014782e-01
   1.40500000000000e+02   2.79483912871539e-01
   1.41000000000000e+02   2.81106116790150e-01
   1.41500000000000e+02   2.88108061424387e-01
   1.42000000000000e+02   2.98529610679806e-01
   1.42500000000000e+02   3.06856699050117e-01
   1.43000000000000e+02   3.16416315958425e-01
   1.43500000000000e+02   3.22720580299174e-01
   1.44000000000000e+02   3.29927317178734e-01
   1.44500000000000e+02   3.39112054134031e-01
   1.45000000000000e+02   3.45921909165478e-01
   1.45500000000000e+02   3.53182162040301e-01
   1.46000000000000e+02   3.61783731111491e-01
   1.46500000000000e+02   4.34795707373806e-01
   1.47000000000000e+02   4.43149599334747e-01
   1.47500000000000e+02   3.83317050340658e-01
   1.48000000000000e+02   3.92395661651148e-01
   1.48500000000000e+02   3.98535724246523e-01
   1.49000000000000e+02   4.06248460150531e-01
   1.49500000000000e+02   4.12755987832057e-01
   1.50000000000000e+02   4.20418608678709e-01
   1.50500000000000e+02   4.27705811628407e-01
   1.51000000000000e+02   4.37351423358071e-01
   1.51500000000000e+02   4.46863303556179e-01
   1.52000000000000e+02   4.55685431249714e-01
   1.52500000000000e+02   4.64515870878774e-01
   1.53000000000000e+02   4.73483991803451e-01
   1.53500000000000e+02   4.82579874291575e-01
   1.54000000000000e+02   4.91703104526609e-01
   1.54500000000000e+02   5.02661154638413e-01
  1.69759663282162e-313   0.00000000000000e+00
  7.17037471809401e-320   0.00000000000000e+00
  4.66137706570603e-310  1.18575755001899e-321
  6.94086261664864e-310  2.37151510003798e-322
   0.00000000000000e+00  4.66137706324282e-310
   0.00000000000000e+00  9.88131291682493e-323
  2.37151510003798e-322  1.48219693752374e-322
  2.37151510003798e-322   0.00000000000000e+00
  4.66137706310527e-310  1.42290906002279e-321
  1.42500104106269e+248  2.37151510003798e-322
   0.00000000000000e+00  4.66137706320724e-310
   0.00000000000000e+00  7.69843740356539e+218
  4.74303020007597e-322  9.48236260041023e-315
  4.74303020007597e-322   0.00000000000000e+00
  4.66137706311238e-310   0.00000000000000e+00
   0.00000000000000e+00  2.42092166462211e-322
  3.90311860214585e-322  4.66137706329183e-310
   0.00000000000000e+00  4.66137706327602e-310
   0.00000000000000e+00  5.50793968060752e-310
   0.00000000000000e+00  4.66137706326495e-310
   0.00000000000000e+00  2.37151510003798e-321
   0.00000000000000e+00  4.74303020007597e-322
   0.00000000000000e+00  4.66137706321910e-310
  9.88131291682493e-324   0.00000000000000e+00
  4.24399158242461e-314  7.41098468761870e-323
  7.07551411409249e-320   0.00000000000000e+00
  4.66137706570603e-310   0.00000000000000e+00
  6.94086261664864e-310   0.00000000000000e+00
   0.00000000000000e+00   0.00000000000000e+00
   0.00000000000000e+00   0.00000000000000e+00
  2.37151510003798e-322   0.00000000000000e+00
  2.37151510003798e-322  4.94065645841247e-324
  4.66137706311713e-310  2.75859452830426e-313
  1.33405329315014e+185  5.81861111107236e-320
  1.35441148524874e-306  4.66137706570603e-310
   0.00000000000000e+00  6.94086261664864e-310
   0.00000000000000e+00   0.00000000000000e+00
  2.42092166462211e-322   0.00000000000000e+00
  4.66137706313847e-310  2.37151510003798e-322
  6.94086261664864e-310  4.74303020007597e-322
