   2.00000000000000e+01   1.54396259585695e-01
   2.05000000000000e+01   1.56525783523613e-01
   2.10000000000000e+01   1.56941939710503e-01
   2.15000000000000e+01   1.59880186646249e-01
   2.20000000000000e+01   1.63070322007225e-01
   2.25000000000000e+01   1.64540177559939e-01
   2.30000000000000e+01   1.68450423260047e-01
   2.35000000000000e+01   1.72605184725600e-01
   2.40000000000000e+01   1.74739250407963e-01
   2.45000000000000e+01   1.79890461222371e-01
   2.50000000000000e+01   1.85775010080022e-01
   2.55000000000000e+01   1.89241641046361e-01
   2.60000000000000e+01   1.93281888089576e-01
   2.65000000000000e+01   1.99343757941181e-01
   2.70000000000000e+01   2.05194260074763e-01
   2.75000000000000e+01   2.10259169371821e-01
   2.80000000000000e+01   1.53102981249185e-01
   2.85000000000000e+01   1.53232593404352e-01
   2.90000000000000e+01   1.55850501082378e-01
   2.95000000000000e+01   1.61532671706403e-01
   3.00000000000000e+01   1.68086365170268e-01
   3.05000000000000e+01   1.71434347655425e-01
   3.10000000000000e+01   1.96182718198642e-01
   3.15000000000000e+01   2.00292805807934e-01
   3.20000000000000e+01   2.05902495370609e-01
   3.25000000000000e+01   2.08219557628224e-01
   3.30000000000000e+01   2.14682276843694e-01
   3.35000000000000e+01   2.20060439815876e-01
   3.40000000000000e+01   2.24734775891654e-01
   3.45000000000000e+01   2.25814853962165e-01
   3.50000000000000e+01   2.31986777773289e-01
   3.55000000000000e+01   2.35427769452873e-01
   3.60000000000000e+01   2.39747513792127e-01
   3.65000000000000e+01   2.44206543222748e-01
   3.70000000000000e+01   2.47553480517795e-01
   3.75000000000000e+01   2.50894010722257e-01
   3.80000000000000e+01   2.54302587167662e-01
   3.85000000000000e+01   2.54760897754804e-01
   3.90000000000000e+01   2.57399017083543e-01
   3.95000000000000e+01   2.60456461276849e-01
   4.00000000000000e+01   2.64914862491750e-01
   4.05000000000000e+01   2.64268486660513e-01
   4.10000000000000e+01   2.68130143124001e-01
   4.15000000000000e+01   2.70542938795959e-01
   4.20000000000000e+01   2.71675415323159e-01
   4.25000000000000e+01   2.76138811264736e-01
   4.30000000000000e+01   2.82122309577026e-01
   4.35000000000000e+01   2.89348849283880e-01
   4.40000000000000e+01   2.97347432228855e-01
   4.45000000000000e+01   3.03063139031836e-01
   4.50000000000000e+01   3.11656162857406e-01
   4.55000000000000e+01   3.23381145220942e-01
   4.60000000000000e+01   3.29264052792313e-01
   4.65000000000000e+01   3.33833199003120e-01
   4.70000000000000e+01   3.38934983032793e-01
   4.75000000000000e+01   3.45751058101911e-01
   4.80000000000000e+01   3.52342482548588e-01
   4.85000000000000e+01   3.59246041030048e-01
   4.90000000000000e+01   3.63518584048686e-01
   4.95000000000000e+01   3.70568973786698e-01
   5.00000000000000e+01   3.70013087534961e-01
   5.05000000000000e+01   3.76770487023732e-01
   5.10000000000000e+01   3.82770413504488e-01
   5.15000000000000e+01   3.84304885456945e-01
   5.20000000000000e+01   3.86447767196653e-01
   5.25000000000000e+01   3.86386899106894e-01
   5.30000000000000e+01   3.61417042652941e-01
   5.35000000000000e+01   3.69356836957621e-01
   5.40000000000000e+01   3.77046000423592e-01
   5.45000000000000e+01   3.87780095464760e-01
   5.50000000000000e+01   3.93156103544803e-01
   5.55000000000000e+01   4.02071795789284e-01
   5.60000000000000e+01   4.13267008679311e-01
   5.65000000000000e+01   4.22217109095305e-01
   5.70000000000000e+01   4.31302778304803e-01
   5.75000000000000e+01   4.40194800777635e-01
   5.80000000000000e+01   4.51400514094117e-01
   5.85000000000000e+01   4.59604232204780e-01
   5.90000000000000e+01   4.77026853773413e-01
   5.95000000000000e+01   4.94286112884511e-01
   6.00000000000000e+01   5.04719055955454e-01
   6.05000000000000e+01   5.16228721325101e-01
   6.10000000000000e+01   5.26764974825260e-01
   6.15000000000000e+01   5.40174909277809e-01
   6.20000000000000e+01   5.48372329805683e-01
   6.25000000000000e+01   5.72643657980364e-01
   6.30000000000000e+01   5.88658249071282e-01
   6.35000000000000e+01   5.96991227105258e-01
   6.40000000000000e+01   6.13815155253327e-01
   6.45000000000000e+01   6.27471494491304e-01
   6.50000000000000e+01   6.40043716331490e-01
   6.55000000000000e+01   6.57119463248520e-01
   6.60000000000000e+01   6.74421648913112e-01
   6.65000000000000e+01   6.87375387287639e-01
   6.70000000000000e+01   7.06456959800403e-01
   6.75000000000000e+01   7.39567340909706e-01
   6.80000000000000e+01   7.65964137391119e-01
   6.85000000000000e+01   8.07972503154220e-01
   6.90000000000000e+01   8.34678608676666e-01
   6.95000000000000e+01   8.60706471454586e-01
   7.00000000000000e+01   8.93907727610132e-01
   7.05000000000000e+01   9.21853065834900e-01
   7.10000000000000e+01   9.52057920107981e-01
   7.15000000000000e+01   9.84151752129825e-01
   7.20000000000000e+01   1.02206129671998e+00
   7.25000000000000e+01   1.05535099392569e+00
   7.30000000000000e+01   1.13186387329945e+00
   7.35000000000000e+01   1.17835207282068e+00
   7.40000000000000e+01   1.23238829677231e+00
   7.45000000000000e+01   1.33240938996350e+00
   7.50000000000000e+01   1.38712443207033e+00
   7.55000000000000e+01   1.43532050333303e+00
   7.60000000000000e+01   1.54120150065394e+00
   7.65000000000000e+01   1.60817624481627e+00
   7.70000000000000e+01   1.68996934732714e+00
   7.75000000000000e+01   1.79333585487993e+00
   7.80000000000000e+01   1.87980040370969e+00
   7.85000000000000e+01   1.99383106278627e+00
   7.90000000000000e+01   2.13071447123907e+00
   7.95000000000000e+01   2.29982065072559e+00
   8.00000000000000e+01   2.61570160924548e+00
   8.05000000000000e+01   2.89108525060469e+00
   8.10000000000000e+01   3.17416272300020e+00
   8.15000000000000e+01   3.44461213108426e+00
   8.20000000000000e+01   3.71905550667047e+00
   8.25000000000000e+01   3.95575455026414e+00
   8.30000000000000e+01   3.69496191455591e+00
   8.35000000000000e+01   3.27560586673113e+00
   8.40000000000000e+01   2.82754635645095e+00
   8.45000000000000e+01   2.38616659423577e+00
   8.50000000000000e+01   2.01568037201413e+00
   8.55000000000000e+01   1.72465790705988e+00
   8.60000000000000e+01   1.49195033599144e+00
   8.65000000000000e+01   1.29302244225015e+00
   8.70000000000000e+01   1.13426955589292e+00
   8.75000000000000e+01   1.00098732416601e+00
   8.80000000000000e+01   8.89928633766341e-01
   8.85000000000000e+01   7.94119865506758e-01
   8.90000000000000e+01   7.10386059084308e-01
   8.95000000000000e+01   6.38543965247517e-01
   9.00000000000000e+01   5.79989029039394e-01
   9.05000000000000e+01   5.26858030164501e-01
   9.10000000000000e+01   4.78835565765257e-01
   9.15000000000000e+01   4.37366827571209e-01
   9.20000000000000e+01   4.00771632058989e-01
   9.25000000000000e+01   3.72725258342937e-01
   9.30000000000000e+01   3.45650789523370e-01
   9.35000000000000e+01   3.20560614673464e-01
   9.40000000000000e+01   3.05091629933986e-01
   9.45000000000000e+01   2.85360267835285e-01
   9.50000000000000e+01   2.72137152699058e-01
   9.55000000000000e+01   2.63733053702876e-01
   9.60000000000000e+01   2.52494182889709e-01
   9.65000000000000e+01   2.44669508858162e-01
   9.70000000000000e+01   2.38024651592408e-01
   9.75000000000000e+01   2.35065493876130e-01
   9.80000000000000e+01   2.30440782778004e-01
   9.85000000000000e+01   2.27594981301403e-01
   9.90000000000000e+01   2.25667011129267e-01
   9.95000000000000e+01   2.24049103328676e-01
   1.00000000000000e+02   2.23335705027950e-01
   1.00500000000000e+02   2.20929204104590e-01
   1.01000000000000e+02   2.19397710506631e-01
   1.01500000000000e+02   2.19521261155942e-01
   1.02000000000000e+02   2.12654159710956e-01
   1.02500000000000e+02   2.09055620704852e-01
   1.03000000000000e+02   2.02128379795224e-01
   1.03500000000000e+02   2.01433093132286e-01
   1.04000000000000e+02   1.99025274157411e-01
   1.04500000000000e+02   1.97570085182025e-01
   1.05000000000000e+02   1.94992589504385e-01
   1.05500000000000e+02   1.95398776516676e-01
   1.06000000000000e+02   1.92006033966591e-01
   1.06500000000000e+02   1.90369831729456e-01
   1.07000000000000e+02   1.80776013570329e-01
   1.07500000000000e+02   1.78825956965065e-01
   1.08000000000000e+02   1.76006070737918e-01
   1.08500000000000e+02   1.73211010887701e-01
   1.09000000000000e+02   1.64351690894468e-01
   1.09500000000000e+02   1.60978783690394e-01
   1.10000000000000e+02   1.59199880722337e-01
   1.10500000000000e+02   1.51379967756842e-01
   1.11000000000000e+02   1.46382333390672e-01
   1.11500000000000e+02   1.45060524299509e-01
   1.12000000000000e+02   1.40938539425346e-01
   1.12500000000000e+02   1.37957993669229e-01
   1.13000000000000e+02   1.33738980971994e-01
   1.13500000000000e+02   1.29158979806285e-01
   1.14000000000000e+02   1.25251737513826e-01
   1.14500000000000e+02   1.16205809174950e-01
   1.15000000000000e+02   1.14421904841447e-01
   1.15500000000000e+02   1.11361723730234e-01
   1.16000000000000e+02   1.08285902378602e-01
   1.16500000000000e+02   1.03150224375963e-01
   1.17000000000000e+02   9.90938191070598e-02
   1.17500000000000e+02   9.39730197426339e-02
   1.18000000000000e+02   9.10164255325600e-02
   1.18500000000000e+02   8.57783767801213e-02
   1.19000000000000e+02   8.34689759065539e-02
   1.19500000000000e+02   7.86553487063318e-02
   1.20000000000000e+02   7.78649721498083e-02
   1.20500000000000e+02   7.49667807103020e-02
   1.21000000000000e+02   7.30505484954144e-02
   1.21500000000000e+02   7.33559476325921e-02
   1.22000000000000e+02   7.21826108806751e-02
   1.22500000000000e+02   7.22109108860791e-02
   1.23000000000000e+02   7.24666671642266e-02
   1.23500000000000e+02   7.38644393522560e-02
   1.24000000000000e+02   7.41360629189070e-02
   1.24500000000000e+02   7.63066772161150e-02
   1.25000000000000e+02   7.92807081984152e-02
   1.25500000000000e+02   8.22449031409093e-02
   1.26000000000000e+02   8.54411805856930e-02
   1.26500000000000e+02   8.81170439928248e-02
   1.27000000000000e+02   9.16407769400919e-02
   1.27500000000000e+02   9.59394399023842e-02
   1.28000000000000e+02   9.96273977635657e-02
   1.28500000000000e+02   1.05412087885954e-01
   1.29000000000000e+02   1.09546920652627e-01
   1.29500000000000e+02   1.14436957425594e-01
   1.30000000000000e+02   1.20342221925955e-01
   1.30500000000000e+02   1.24284232049956e-01
   1.31000000000000e+02   1.31331256713461e-01
   1.31500000000000e+02   1.34869574696168e-01
   1.32000000000000e+02   1.41003884700850e-01
   1.32500000000000e+02   1.46277897246654e-01
   1.33000000000000e+02   1.52139886585312e-01
   1.33500000000000e+02   1.58685785519456e-01
   1.34000000000000e+02   1.60309055581646e-01
   1.34500000000000e+02   1.66559017949263e-01
   1.35000000000000e+02   1.72213508444942e-01
   1.35500000000000e+02   1.77942353065041e-01
   1.36000000000000e+02   1.61938304223823e+00
   1.36500000000000e+02   1.88537401306034e-01
   1.37000000000000e+02   1.90704250167459e-01
   1.37500000000000e+02   1.97790507601808e-01
   1.38000000000000e+02   2.04591961998734e-01
   1.38500000000000e+02   2.07169654735980e-01
   1.39000000000000e+02   2.19098163529081e-01
   1.39500000000000e+02   2.25209816163911e-01
   1.40000000000000e+02   2.32664271541739e-01
   1.40500000000000e+02   2.38452545403695e-01
   1.41000000000000e+02   2.40125129842215e-01
   1.41500000000000e+02   2.45560578773492e-01
   1.42000000000000e+02   2.53171588251717e-01
   1.42500000000000e+02   2.59547274853500e-01
   1.43000000000000e+02   2.66719617972226e-01
   1.43500000000000e+02   2.71854654338649e-01
   1.44000000000000e+02   2.77129535075875e-01
   1.44500000000000e+02   2.84003240935511e-01
   1.45000000000000e+02   2.88768580189963e-01
   1.45500000000000e+02   2.94432919619755e-01
   1.46000000000000e+02   3.00817293350430e-01
   1.46500000000000e+02   3.26110122945010e-01
   1.47000000000000e+02   3.31906000832105e-01
   1.47500000000000e+02   3.17411846767542e-01
   1.48000000000000e+02   3.24190586462236e-01
   1.48500000000000e+02   3.28583587248902e-01
   1.49000000000000e+02   3.34201946275296e-01
   1.49500000000000e+02   3.38758843119348e-01
   1.50000000000000e+02   3.44212239157057e-01
   1.50500000000000e+02   3.48887087898715e-01
   1.51000000000000e+02   3.55784688033899e-01
   1.51500000000000e+02   3.62916297775941e-01
   1.52000000000000e+02   3.69268604051024e-01
   1.52500000000000e+02   3.75584489501672e-01
   1.53000000000000e+02   3.81992198357601e-01
   1.53500000000000e+02   3.87407330606799e-01
   1.54000000000000e+02   3.93725522959399e-01
   1.54500000000000e+02   4.00872589068730e-01
   0.00000000000000e+00  4.64138014460647e-310
  4.94065645841247e-324   0.00000000000000e+00
  1.06099789553204e-313  7.41098468761870e-323
  2.54592027301994e-320   0.00000000000000e+00
  4.64138014474876e-310   0.00000000000000e+00
  6.91990887533568e-310   0.00000000000000e+00
   0.00000000000000e+00   0.00000000000000e+00
   0.00000000000000e+00   0.00000000000000e+00
  2.37151510003798e-322   0.00000000000000e+00
  4.74303020007597e-322  1.97626258336499e-323
  4.64138014448789e-310  1.90979621201696e-313
   0.00000000000000e+00  1.28901726999981e-320
  7.41098468761870e-323  4.64138014474876e-310
   0.00000000000000e+00  6.91990887533568e-310
   0.00000000000000e+00   0.00000000000000e+00
   0.00000000000000e+00   0.00000000000000e+00
   0.00000000000000e+00  2.37151510003798e-322
   0.00000000000000e+00  3.95252516672997e-322
   0.00000000000000e+00  4.64138014444678e-310
  9.88131291682493e-324  4.64138014458828e-310
  1.90979621191815e-313  4.64138014460014e-310
  2.47477482001880e-320  4.64138014460726e-310
  4.64138014474876e-310  4.64138014461437e-310
  6.91990887533568e-310  4.64138014462544e-310
   0.00000000000000e+00   0.00000000000000e+00
   0.00000000000000e+00   0.00000000000000e+00
  2.37151510003798e-322  6.32404026676796e-322
  4.74303020007597e-322  4.74303020007597e-322
  4.64138014449501e-310  4.64138014461358e-310
   0.00000000000000e+00   0.00000000000000e+00
  1.53160350210786e-322  7.41098468761870e-323
   0.00000000000000e+00   0.00000000000000e+00
   0.00000000000000e+00   0.00000000000000e+00
   0.00000000000000e+00   0.00000000000000e+00
   0.00000000000000e+00   0.00000000000000e+00
   0.00000000000000e+00   0.00000000000000e+00
   0.00000000000000e+00   0.00000000000000e+00
  1.48219693752374e-323  2.47032822920623e-323
  2.33419537021002e-313  1.90979621201696e-313
  2.40362936701766e-320  1.17834656533137e-320
